P2Sr1Mg2_a2c1c2_sg164_cscaled
tf.Tensor([0.00068753], shape=(1,), dtype=float32)
tf.Tensor(
[[5.7171519e-27 1.0000000e+00]
 [5.7171300e-27 1.0000000e+00]
 [1.0473547e-24 1.0000000e+00]
 [1.0473547e-24 1.0000000e+00]
 [1.0473547e-24 1.0000000e+00]
 [1.0473547e-24 1.0000000e+00]
 [6.2577778e-28 1.0000000e+00]
 [6.2578255e-28 1.0000000e+00]
 [6.2577778e-28 1.0000000e+00]
 [6.2577778e-28 1.0000000e+00]], shape=(10, 2), dtype=float32)
---
As2Ba2Zn1_a2c1c2_sg36
tf.Tensor([5.943015e-06], shape=(1,), dtype=float32)
tf.Tensor(
[[4.1597204e-33 1.0000000e+00]
 [4.1598791e-33 1.0000000e+00]
 [1.2646049e-31 1.0000000e+00]
 [1.2645470e-31 1.0000000e+00]
 [0.0000000e+00 1.0000000e+00]
 [0.0000000e+00 1.0000000e+00]
 [2.0513419e-38 1.0000000e+00]
 [2.0514045e-38 1.0000000e+00]
 [2.8916451e-36 1.0000000e+00]
 [2.8918436e-36 1.0000000e+00]], shape=(10, 2), dtype=float32)
---
P2Cd3Cd3_a2c1c2_sg164_bscaled
tf.Tensor([0.00054714], shape=(1,), dtype=float32)
tf.Tensor(
[[1.0000000e+00 2.0252029e-29]
 [1.0000000e+00 1.2502861e-32]
 [1.0000000e+00 1.2502861e-32]
 [1.0000000e+00 2.0251876e-29]
 [1.0000000e+00 1.2502861e-32]
 [1.0000000e+00 1.2502861e-32]
 [1.0000000e+00 2.0252029e-29]
 [1.0000000e+00 2.0251876e-29]
 [1.0000000e+00 2.0251876e-29]
 [1.0000000e+00 2.0251876e-29]], shape=(10, 2), dtype=float32)
---
Sb2Mg2Hg1_a2c1c2_sg36
tf.Tensor([6.531346e-05], shape=(1,), dtype=float32)
tf.Tensor(
[[1.0000000e+00 1.9546865e-17]
 [1.0000000e+00 1.9546865e-17]
 [1.0000000e+00 1.0342638e-18]
 [1.0000000e+00 1.0342756e-18]
 [1.0000000e+00 4.7797320e-15]
 [1.0000000e+00 4.7798048e-15]
 [1.0000000e+00 5.5064181e-21]
 [1.0000000e+00 5.5063341e-21]
 [1.0000000e+00 5.4259714e-14]
 [1.0000000e+00 5.4258474e-14]], shape=(10, 2), dtype=float32)
---
Sb2Ba2Be1_a2c1c2_sg139_bscaled
tf.Tensor([0.00069832], shape=(1,), dtype=float32)
tf.Tensor(
[[0. 1.]
 [0. 1.]
 [0. 1.]
 [0. 1.]
 [0. 1.]
 [0. 1.]
 [0. 1.]
 [0. 1.]
 [0. 1.]
 [0. 1.]], shape=(10, 2), dtype=float32)
---
Sb2Ba2Be1_a2c1c2_sg139_ascaled
tf.Tensor([0.00070655], shape=(1,), dtype=float32)
tf.Tensor(
[[0. 1.]
 [0. 1.]
 [0. 1.]
 [0. 1.]
 [0. 1.]
 [0. 1.]
 [0. 1.]
 [0. 1.]
 [0. 1.]
 [0. 1.]], shape=(10, 2), dtype=float32)
---
As2Zn2Mn1_a2c1c2_sg139_ascaled
tf.Tensor([0.00041619], shape=(1,), dtype=float32)
tf.Tensor(
[[4.4456940e-37 1.0000000e+00]
 [4.4451851e-37 1.0000000e+00]
 [1.0000000e+00 1.6082108e-08]
 [1.0000000e+00 1.6086494e-08]
 [1.0000000e+00 1.6087293e-08]
 [1.0000000e+00 1.6082078e-08]
 [1.1481642e-23 1.0000000e+00]
 [1.1486110e-23 1.0000000e+00]
 [1.1486154e-23 1.0000000e+00]
 [1.1481204e-23 1.0000000e+00]], shape=(10, 2), dtype=float32)
---
P2Zn1Mg2_a2c1c2_sg164_ascaled
tf.Tensor([0.00064821], shape=(1,), dtype=float32)
tf.Tensor(
[[2.2961843e-16 1.0000000e+00]
 [2.3005153e-16 1.0000000e+00]
 [2.2970954e-16 1.0000000e+00]
 [2.3014108e-16 1.0000000e+00]
 [1.7424315e-17 1.0000000e+00]
 [1.7424381e-17 1.0000000e+00]
 [1.7426709e-17 1.0000000e+00]
 [1.7421324e-17 1.0000000e+00]
 [1.7427440e-17 1.0000000e+00]
 [1.7421989e-17 1.0000000e+00]], shape=(10, 2), dtype=float32)
---
As2Yb1Hg2_a2c1c2_sg164_ascaled
tf.Tensor([0.00035646], shape=(1,), dtype=float32)
tf.Tensor(
[[1.0000000e+00 1.3858938e-34]
 [1.0000000e+00 1.3858938e-34]
 [1.0000000e+00 4.8942608e-28]
 [1.0000000e+00 4.8942608e-28]
 [1.0000000e+00 4.8942420e-28]
 [1.0000000e+00 4.8942420e-28]
 [1.0000000e+00 4.8942608e-28]
 [1.0000000e+00 4.8942420e-28]
 [1.0000000e+00 4.8942420e-28]
 [1.0000000e+00 4.8942420e-28]], shape=(10, 2), dtype=float32)
---
As2Hg2Ca1_a2c1c2_sg139_ascaled
tf.Tensor([4.6041554e-05], shape=(1,), dtype=float32)
tf.Tensor(
[[1.0000000e+00 2.9840657e-26]
 [1.0000000e+00 2.9840657e-26]
 [1.0000000e+00 2.8934945e-24]
 [1.0000000e+00 2.8934945e-24]
 [1.0000000e+00 2.8934945e-24]
 [1.0000000e+00 2.8934945e-24]
 [1.0000000e+00 2.8056723e-22]
 [1.0000000e+00 2.8056723e-22]
 [1.0000000e+00 2.8056723e-22]
 [1.0000000e+00 2.8056614e-22]], shape=(10, 2), dtype=float32)
---
Sb2Be1Ba2_a2c1c2_sg164_bscaled
tf.Tensor([9.738499e-05], shape=(1,), dtype=float32)
tf.Tensor(
[[0. 1.]
 [0. 1.]
 [0. 1.]
 [0. 1.]
 [0. 1.]
 [0. 1.]
 [0. 1.]
 [0. 1.]
 [0. 1.]
 [0. 1.]], shape=(10, 2), dtype=float32)
---
As2Zn2Ba1_a2c1c2_sg36
tf.Tensor([0.00079489], shape=(1,), dtype=float32)
tf.Tensor(
[[9.9982375e-01 1.7631290e-04]
 [9.9982363e-01 1.7636467e-04]
 [2.7251726e-10 1.0000000e+00]
 [2.7234007e-10 1.0000000e+00]
 [2.4160455e-04 9.9975842e-01]
 [2.4175295e-04 9.9975830e-01]
 [1.1886286e-11 1.0000000e+00]
 [1.1887034e-11 1.0000000e+00]
 [3.3623063e-08 1.0000000e+00]
 [3.3658548e-08 1.0000000e+00]], shape=(10, 2), dtype=float32)
---
Bi2Mg2Cd1_a2c1c2_sg36
tf.Tensor([3.5297293e-05], shape=(1,), dtype=float32)
tf.Tensor(
[[1.0000000e+00 2.1186911e-20]
 [1.0000000e+00 2.1187317e-20]
 [1.0000000e+00 3.4880829e-21]
 [1.0000000e+00 3.4880563e-21]
 [1.0000000e+00 1.5501697e-18]
 [1.0000000e+00 1.5501756e-18]
 [1.0000000e+00 9.8126895e-22]
 [1.0000000e+00 9.8126895e-22]
 [1.0000000e+00 2.6993857e-20]
 [1.0000000e+00 2.6994062e-20]], shape=(10, 2), dtype=float32)
---
Sb2Cd2Mg1_a2c1c2_sg139_bscaled
tf.Tensor([0.00029735], shape=(1,), dtype=float32)
tf.Tensor(
[[1.0000000e+00 0.0000000e+00]
 [1.0000000e+00 0.0000000e+00]
 [1.0000000e+00 8.5545821e-34]
 [1.0000000e+00 8.5546473e-34]
 [1.0000000e+00 8.5546473e-34]
 [1.0000000e+00 8.5547125e-34]
 [1.0000000e+00 4.7491156e-34]
 [1.0000000e+00 4.7491156e-34]
 [1.0000000e+00 4.7491156e-34]
 [1.0000000e+00 4.7491519e-34]], shape=(10, 2), dtype=float32)
---
As2Sr2Mg1_a2c1c2_sg36
tf.Tensor([0.00060274], shape=(1,), dtype=float32)
tf.Tensor(
[[0. 1.]
 [0. 1.]
 [0. 1.]
 [0. 1.]
 [0. 1.]
 [0. 1.]
 [0. 1.]
 [0. 1.]
 [0. 1.]
 [0. 1.]], shape=(10, 2), dtype=float32)
---
P2Zn2Be1_a2c1c2_sg36
tf.Tensor([0.00041057], shape=(1,), dtype=float32)
tf.Tensor(
[[7.9269462e-09 1.0000000e+00]
 [7.9270066e-09 1.0000000e+00]
 [6.0103170e-04 9.9939895e-01]
 [6.0103397e-04 9.9939895e-01]
 [4.8100351e-17 1.0000000e+00]
 [4.8100718e-17 1.0000000e+00]
 [8.0323680e-14 1.0000000e+00]
 [8.0322454e-14 1.0000000e+00]
 [7.4914553e-08 9.9999988e-01]
 [7.4914411e-08 9.9999988e-01]], shape=(10, 2), dtype=float32)
---
As2Be2Zn1_a2c1c2_sg139_ascaled
tf.Tensor([9.6361866e-05], shape=(1,), dtype=float32)
tf.Tensor(
[[1.15307079e-24 1.00000000e+00]
 [1.15306635e-24 1.00000000e+00]
 [1.15307079e-24 1.00000000e+00]
 [1.15306635e-24 1.00000000e+00]
 [6.13459906e-17 1.00000000e+00]
 [6.13457590e-17 1.00000000e+00]
 [6.13459906e-17 1.00000000e+00]
 [6.13462222e-17 1.00000000e+00]
 [6.13459906e-17 1.00000000e+00]
 [6.13459906e-17 1.00000000e+00]], shape=(10, 2), dtype=float32)
---
As2Cd2Yb1_a2c1c2_sg36
tf.Tensor([0.00031015], shape=(1,), dtype=float32)
tf.Tensor(
[[1.0000000e+00 1.3806462e-15]
 [1.0000000e+00 1.3806410e-15]
 [1.0000000e+00 5.3942056e-23]
 [1.0000000e+00 5.3942265e-23]
 [1.0000000e+00 4.1198184e-16]
 [1.0000000e+00 4.1198341e-16]
 [1.0000000e+00 7.2095933e-11]
 [1.0000000e+00 7.2096482e-11]
 [1.0000000e+00 2.1168088e-20]
 [1.0000000e+00 2.1168169e-20]], shape=(10, 2), dtype=float32)
---
P2Cd2Mg1_a2c1c2_sg139_cscaled
tf.Tensor([0.00076047], shape=(1,), dtype=float32)
tf.Tensor(
[[1.0000000e+00 4.1417439e-13]
 [1.0000000e+00 4.1415542e-13]
 [1.0000000e+00 1.4076799e-13]
 [1.0000000e+00 1.4076799e-13]
 [1.0000000e+00 1.4076369e-13]
 [1.0000000e+00 1.4076422e-13]
 [1.0000000e+00 2.8681703e-12]
 [1.0000000e+00 2.8683564e-12]
 [1.0000000e+00 2.8683180e-12]
 [1.0000000e+00 2.8681484e-12]], shape=(10, 2), dtype=float32)
---
P2Ca1Sr2_a2c1c2_sg164_cscaled
tf.Tensor([2.533453e-06], shape=(1,), dtype=float32)
tf.Tensor(
[[1.1699242e-33 1.0000000e+00]
 [1.1699242e-33 1.0000000e+00]
 [1.1699242e-33 1.0000000e+00]
 [1.1699242e-33 1.0000000e+00]
 [5.0731367e-36 1.0000000e+00]
 [5.0731367e-36 1.0000000e+00]
 [1.1699242e-33 1.0000000e+00]
 [1.1699242e-33 1.0000000e+00]
 [1.1699242e-33 1.0000000e+00]
 [1.1699242e-33 1.0000000e+00]], shape=(10, 2), dtype=float32)
---
Bi2Zn2Ba1_a2c1c2_sg36
tf.Tensor([0.00012534], shape=(1,), dtype=float32)
tf.Tensor(
[[1.0000000e+00 4.2939017e-29]
 [1.0000000e+00 4.2964250e-29]
 [1.0000000e+00 1.0042178e-20]
 [1.0000000e+00 1.0053293e-20]
 [1.0000000e+00 4.0125987e-14]
 [1.0000000e+00 4.0113746e-14]
 [1.0000000e+00 3.1544814e-20]
 [1.0000000e+00 3.1546016e-20]
 [1.0000000e+00 1.9085805e-20]
 [1.0000000e+00 1.9096001e-20]], shape=(10, 2), dtype=float32)
---
As2Sr1Mg2_a2c1c2_sg164_ascaled
tf.Tensor([0.00054375], shape=(1,), dtype=float32)
tf.Tensor(
[[0. 1.]
 [0. 1.]
 [0. 1.]
 [0. 1.]
 [0. 1.]
 [0. 1.]
 [0. 1.]
 [0. 1.]
 [0. 1.]
 [0. 1.]], shape=(10, 2), dtype=float32)
---
As2Cd2Hg1_a2c1c2_sg36
tf.Tensor([0.00095499], shape=(1,), dtype=float32)
tf.Tensor(
[[1. 0.]
 [1. 0.]
 [1. 0.]
 [1. 0.]
 [1. 0.]
 [1. 0.]
 [1. 0.]
 [1. 0.]
 [1. 0.]
 [1. 0.]], shape=(10, 2), dtype=float32)
---
Sb2Sr1Zn2_a2c1c2_sg164_cscaled
tf.Tensor([0.00012835], shape=(1,), dtype=float32)
tf.Tensor(
[[1.0000000e+00 2.0645989e-14]
 [1.0000000e+00 2.0645911e-14]
 [1.0000000e+00 1.7783003e-09]
 [1.0000000e+00 1.7783037e-09]
 [1.0000000e+00 1.7782562e-09]
 [1.0000000e+00 1.7782630e-09]
 [1.0000000e+00 7.1361601e-09]
 [1.0000000e+00 7.1362010e-09]
 [1.0000000e+00 7.1360242e-09]
 [1.0000000e+00 7.1360242e-09]], shape=(10, 2), dtype=float32)
---
As2Be2Mn1_a2c1c2_sg36
tf.Tensor([0.00025887], shape=(1,), dtype=float32)
tf.Tensor(
[[0. 1.]
 [0. 1.]
 [0. 1.]
 [0. 1.]
 [0. 1.]
 [0. 1.]
 [0. 1.]
 [0. 1.]
 [0. 1.]
 [0. 1.]], shape=(10, 2), dtype=float32)
---
P2Mg2Yb1_a2c1c2_sg139_cscaled
tf.Tensor([0.00066009], shape=(1,), dtype=float32)
tf.Tensor(
[[4.86995961e-27 1.00000000e+00]
 [4.86997810e-27 1.00000000e+00]
 [1.25798954e-23 1.00000000e+00]
 [1.25799917e-23 1.00000000e+00]
 [1.25800390e-23 1.00000000e+00]
 [1.25800871e-23 1.00000000e+00]
 [4.86997810e-27 1.00000000e+00]
 [4.86997810e-27 1.00000000e+00]
 [4.86997810e-27 1.00000000e+00]
 [4.86997810e-27 1.00000000e+00]], shape=(10, 2), dtype=float32)
---
Sb2Mg2Sr1_a2c1c2_sg36
tf.Tensor([0.00017206], shape=(1,), dtype=float32)
tf.Tensor(
[[6.0110452e-29 1.0000000e+00]
 [6.0110452e-29 1.0000000e+00]
 [1.4669097e-26 1.0000000e+00]
 [1.4669097e-26 1.0000000e+00]
 [1.3381267e-31 1.0000000e+00]
 [1.3381267e-31 1.0000000e+00]
 [5.3652832e-33 1.0000000e+00]
 [5.3652832e-33 1.0000000e+00]
 [1.4242621e-28 1.0000000e+00]
 [1.4242621e-28 1.0000000e+00]], shape=(10, 2), dtype=float32)
---
Sb2Cd2Mg1_a2c1c2_sg139_ascaled
tf.Tensor([0.00029873], shape=(1,), dtype=float32)
tf.Tensor(
[[1.000000e+00 0.000000e+00]
 [1.000000e+00 0.000000e+00]
 [1.000000e+00 8.871433e-34]
 [1.000000e+00 8.871433e-34]
 [1.000000e+00 8.871298e-34]
 [1.000000e+00 8.871298e-34]
 [1.000000e+00 4.916045e-34]
 [1.000000e+00 4.916045e-34]
 [1.000000e+00 4.915970e-34]
 [1.000000e+00 4.915970e-34]], shape=(10, 2), dtype=float32)
---
As2Cd2Sr1_a2c1c2_sg36
tf.Tensor([0.00078175], shape=(1,), dtype=float32)
tf.Tensor(
[[1.0000000e+00 5.1830544e-09]
 [1.0000000e+00 5.1829852e-09]
 [1.0000000e+00 2.9646499e-20]
 [1.0000000e+00 2.9646273e-20]
 [1.0000000e+00 4.3199950e-09]
 [1.0000000e+00 4.3199782e-09]
 [8.0174631e-01 1.9825375e-01]
 [8.0174339e-01 1.9825663e-01]
 [1.0000000e+00 4.2979121e-16]
 [1.0000000e+00 4.2978793e-16]], shape=(10, 2), dtype=float32)
---
Sb2Ba2Mg1_a2c1c2_sg36
tf.Tensor([8.2540464e-05], shape=(1,), dtype=float32)
tf.Tensor(
[[0. 1.]
 [0. 1.]
 [0. 1.]
 [0. 1.]
 [0. 1.]
 [0. 1.]
 [0. 1.]
 [0. 1.]
 [0. 1.]
 [0. 1.]], shape=(10, 2), dtype=float32)
---
Sb2Ba3Ba3_a2c1c2_sg164_ascaled
tf.Tensor([0.00030198], shape=(1,), dtype=float32)
tf.Tensor(
[[0. 1.]
 [0. 1.]
 [0. 1.]
 [0. 1.]
 [0. 1.]
 [0. 1.]
 [0. 1.]
 [0. 1.]
 [0. 1.]
 [0. 1.]], shape=(10, 2), dtype=float32)
---
Sb2Ba3Ba3_a2c1c2_sg164_bscaled
tf.Tensor([0.00030018], shape=(1,), dtype=float32)
tf.Tensor(
[[0. 1.]
 [0. 1.]
 [0. 1.]
 [0. 1.]
 [0. 1.]
 [0. 1.]
 [0. 1.]
 [0. 1.]
 [0. 1.]
 [0. 1.]], shape=(10, 2), dtype=float32)
---
P2Sr1Zn2_a2c1c2_sg164_bscaled
tf.Tensor([6.7520676e-05], shape=(1,), dtype=float32)
tf.Tensor(
[[4.9662813e-10 1.0000000e+00]
 [4.9681098e-10 1.0000000e+00]
 [1.4486469e-12 1.0000000e+00]
 [1.4488651e-12 1.0000000e+00]
 [1.4487877e-12 1.0000000e+00]
 [1.4491277e-12 1.0000000e+00]
 [1.9811756e-20 1.0000000e+00]
 [1.9792720e-20 1.0000000e+00]
 [1.9802462e-20 1.0000000e+00]
 [1.9810622e-20 1.0000000e+00]], shape=(10, 2), dtype=float32)
---
P2Ba2Yb1_a2c1c2_sg36
tf.Tensor([5.0954644e-05], shape=(1,), dtype=float32)
tf.Tensor(
[[0. 1.]
 [0. 1.]
 [0. 1.]
 [0. 1.]
 [0. 1.]
 [0. 1.]
 [0. 1.]
 [0. 1.]
 [0. 1.]
 [0. 1.]], shape=(10, 2), dtype=float32)
---
P2Ba1Ca2_a2c1c2_sg164_ascaled
tf.Tensor([0.00093908], shape=(1,), dtype=float32)
tf.Tensor(
[[0. 1.]
 [0. 1.]
 [0. 1.]
 [0. 1.]
 [0. 1.]
 [0. 1.]
 [0. 1.]
 [0. 1.]
 [0. 1.]
 [0. 1.]], shape=(10, 2), dtype=float32)
---
Sb2Zn3Zn3_a2c1c2_sg36
tf.Tensor([0.00049902], shape=(1,), dtype=float32)
tf.Tensor(
[[1. 0.]
 [1. 0.]
 [1. 0.]
 [1. 0.]
 [1. 0.]
 [1. 0.]
 [1. 0.]
 [1. 0.]
 [1. 0.]
 [1. 0.]], shape=(10, 2), dtype=float32)
---
Sb2Be3Be3_a2c1c2_sg139_ascaled
tf.Tensor([0.0009195], shape=(1,), dtype=float32)
tf.Tensor(
[[5.4448408e-36 1.0000000e+00]
 [5.4451318e-36 1.0000000e+00]
 [9.3285376e-37 1.0000000e+00]
 [5.4448408e-36 1.0000000e+00]
 [5.4450901e-36 1.0000000e+00]
 [9.3285376e-37 1.0000000e+00]
 [1.9844704e-38 1.0000000e+00]
 [1.9833655e-38 1.0000000e+00]
 [1.9844401e-38 1.0000000e+00]
 [1.9833352e-38 1.0000000e+00]], shape=(10, 2), dtype=float32)
---
Sb2Ba3Ba3_a2c1c2_sg139_cscaled
tf.Tensor([7.908172e-06], shape=(1,), dtype=float32)
tf.Tensor(
[[1.9116917e-35 1.0000000e+00]
 [1.9117064e-35 1.0000000e+00]
 [0.0000000e+00 1.0000000e+00]
 [1.9115460e-35 1.0000000e+00]
 [1.9115460e-35 1.0000000e+00]
 [0.0000000e+00 1.0000000e+00]
 [1.3905632e-36 1.0000000e+00]
 [1.3905738e-36 1.0000000e+00]
 [1.3904890e-36 1.0000000e+00]
 [1.3904783e-36 1.0000000e+00]], shape=(10, 2), dtype=float32)
---
P2Ba1Sr2_a2c1c2_sg164_bscaled
tf.Tensor([2.344341e-06], shape=(1,), dtype=float32)
tf.Tensor(
[[0. 1.]
 [0. 1.]
 [0. 1.]
 [0. 1.]
 [0. 1.]
 [0. 1.]
 [0. 1.]
 [0. 1.]
 [0. 1.]
 [0. 1.]], shape=(10, 2), dtype=float32)
---
Bi2Sr1Mg2_a2c1c2_sg164_cscaled
tf.Tensor([0.00037027], shape=(1,), dtype=float32)
tf.Tensor(
[[1.05671681e-01 8.94328296e-01]
 [1.05671465e-01 8.94328594e-01]
 [1.50874956e-04 9.99849081e-01]
 [1.50874956e-04 9.99849081e-01]
 [1.50875101e-04 9.99849081e-01]
 [1.50874956e-04 9.99849081e-01]
 [7.10061402e-04 9.99289870e-01]
 [7.10061402e-04 9.99289870e-01]
 [7.10060704e-04 9.99289870e-01]
 [7.10061402e-04 9.99289870e-01]], shape=(10, 2), dtype=float32)
---
Sb2Cd2Ca1_a2c1c2_sg139_cscaled
tf.Tensor([0.0006258], shape=(1,), dtype=float32)
tf.Tensor(
[[1.0000000e+00 2.4997292e-17]
 [1.0000000e+00 2.4979945e-17]
 [9.9999988e-01 8.2371756e-08]
 [9.9999988e-01 8.2371756e-08]
 [9.9999988e-01 8.2371756e-08]
 [9.9999988e-01 8.2371756e-08]
 [9.9999988e-01 1.1734661e-07]
 [9.9999988e-01 1.1728865e-07]
 [9.9999988e-01 1.1728865e-07]
 [9.9999988e-01 1.1734661e-07]], shape=(10, 2), dtype=float32)
---
P2Sr1Mg2_a2c1c2_sg164_ascaled
tf.Tensor([1.2868333e-05], shape=(1,), dtype=float32)
tf.Tensor(
[[0. 1.]
 [0. 1.]
 [0. 1.]
 [0. 1.]
 [0. 1.]
 [0. 1.]
 [0. 1.]
 [0. 1.]
 [0. 1.]
 [0. 1.]], shape=(10, 2), dtype=float32)
---
P2Zn2Mn1_a2c1c2_sg139_ascaled
tf.Tensor([8.70184e-05], shape=(1,), dtype=float32)
tf.Tensor(
[[0.0000000e+00 1.0000000e+00]
 [0.0000000e+00 1.0000000e+00]
 [7.6442808e-01 2.3557192e-01]
 [7.6444435e-01 2.3555562e-01]
 [7.6444572e-01 2.3555423e-01]
 [7.6442653e-01 2.3557347e-01]
 [9.2833300e-33 1.0000000e+00]
 [9.2838259e-33 1.0000000e+00]
 [9.2836136e-33 1.0000000e+00]
 [9.2835423e-33 1.0000000e+00]], shape=(10, 2), dtype=float32)
---
P2Zn3Zn3_a2c1c2_sg164_cscaled
tf.Tensor([0.00090117], shape=(1,), dtype=float32)
tf.Tensor(
[[9.9998152e-01 1.8511420e-05]
 [1.0000000e+00 3.8975923e-08]
 [1.0000000e+00 3.8980382e-08]
 [9.9998152e-01 1.8512868e-05]
 [1.0000000e+00 3.8954369e-08]
 [1.0000000e+00 3.8950358e-08]
 [9.9941409e-01 5.8594777e-04]
 [9.9941409e-01 5.8586930e-04]
 [9.9941468e-01 5.8528635e-04]
 [9.9941468e-01 5.8535417e-04]], shape=(10, 2), dtype=float32)
---
Sb2Mg1Zn2_a2c1c2_sg164_bscaled
tf.Tensor([0.00026322], shape=(1,), dtype=float32)
tf.Tensor(
[[1.0000000e+00 0.0000000e+00]
 [1.0000000e+00 0.0000000e+00]
 [1.0000000e+00 2.5960740e-34]
 [1.0000000e+00 2.5961137e-34]
 [1.0000000e+00 2.5961137e-34]
 [1.0000000e+00 2.5961137e-34]
 [1.0000000e+00 1.5246054e-34]
 [1.0000000e+00 1.5246403e-34]
 [1.0000000e+00 1.5246403e-34]
 [1.0000000e+00 1.5246403e-34]], shape=(10, 2), dtype=float32)
---
P2Ba1Zn2_a2c1c2_sg164_cscaled
tf.Tensor([0.00050744], shape=(1,), dtype=float32)
tf.Tensor(
[[3.7484936e-04 9.9962509e-01]
 [3.7484171e-04 9.9962509e-01]
 [2.2310048e-04 9.9977690e-01]
 [2.2310218e-04 9.9977690e-01]
 [2.2303752e-04 9.9977702e-01]
 [2.2304201e-04 9.9977702e-01]
 [1.2691329e-09 1.0000000e+00]
 [1.2691475e-09 1.0000000e+00]
 [1.2688521e-09 1.0000000e+00]
 [1.2688521e-09 1.0000000e+00]], shape=(10, 2), dtype=float32)
---
Sb2Be2Yb1_a2c1c2_sg139_bscaled
tf.Tensor([0.00019267], shape=(1,), dtype=float32)
tf.Tensor(
[[0. 1.]
 [0. 1.]
 [0. 1.]
 [0. 1.]
 [0. 1.]
 [0. 1.]
 [0. 1.]
 [0. 1.]
 [0. 1.]
 [0. 1.]], shape=(10, 2), dtype=float32)
---
Sb2Zn1Be2_a2c1c2_sg164_bscaled
tf.Tensor([0.00013849], shape=(1,), dtype=float32)
tf.Tensor(
[[1.4882309e-06 9.9999857e-01]
 [1.4882309e-06 9.9999857e-01]
 [1.4882309e-06 9.9999857e-01]
 [1.4882280e-06 9.9999857e-01]
 [5.5210378e-09 1.0000000e+00]
 [5.5211751e-09 1.0000000e+00]
 [9.9246091e-01 7.5390521e-03]
 [9.9246079e-01 7.5391913e-03]
 [9.9246079e-01 7.5391987e-03]
 [9.9246103e-01 7.5390385e-03]], shape=(10, 2), dtype=float32)
---
Sb2Ba2Sr1_a2c1c2_sg139_ascaled
tf.Tensor([0.00063948], shape=(1,), dtype=float32)
tf.Tensor(
[[0. 1.]
 [0. 1.]
 [0. 1.]
 [0. 1.]
 [0. 1.]
 [0. 1.]
 [0. 1.]
 [0. 1.]
 [0. 1.]
 [0. 1.]], shape=(10, 2), dtype=float32)
---
Bi2Zn3Zn3_a2c1c2_sg36
tf.Tensor([0.00054131], shape=(1,), dtype=float32)
tf.Tensor(
[[1. 0.]
 [1. 0.]
 [1. 0.]
 [1. 0.]
 [1. 0.]
 [1. 0.]
 [1. 0.]
 [1. 0.]
 [1. 0.]
 [1. 0.]], shape=(10, 2), dtype=float32)
---
As2Zn2Ca1_a2c1c2_sg139_ascaled
tf.Tensor([2.5607997e-05], shape=(1,), dtype=float32)
tf.Tensor(
[[1.2721590e-06 9.9999869e-01]
 [1.2721663e-06 9.9999869e-01]
 [9.9998593e-01 1.4072618e-05]
 [9.9998593e-01 1.4072846e-05]
 [9.9998593e-01 1.4072255e-05]
 [9.9998593e-01 1.4072068e-05]
 [1.2721601e-06 9.9999869e-01]
 [1.2721565e-06 9.9999869e-01]
 [1.2721650e-06 9.9999869e-01]
 [1.2721699e-06 9.9999869e-01]], shape=(10, 2), dtype=float32)
---
P2Mg2Yb1_a2c1c2_sg139_bscaled
tf.Tensor([0.0003784], shape=(1,), dtype=float32)
tf.Tensor(
[[7.2020940e-32 1.0000000e+00]
 [7.2020940e-32 1.0000000e+00]
 [7.2055564e-32 1.0000000e+00]
 [7.2045667e-32 1.0000000e+00]
 [7.1996214e-32 1.0000000e+00]
 [7.1986328e-32 1.0000000e+00]
 [0.0000000e+00 1.0000000e+00]
 [0.0000000e+00 1.0000000e+00]
 [0.0000000e+00 1.0000000e+00]
 [0.0000000e+00 1.0000000e+00]], shape=(10, 2), dtype=float32)
---
As2Be1Ba2_a2c1c2_sg164_ascaled
tf.Tensor([2.658475e-05], shape=(1,), dtype=float32)
tf.Tensor(
[[0. 1.]
 [0. 1.]
 [0. 1.]
 [0. 1.]
 [0. 1.]
 [0. 1.]
 [0. 1.]
 [0. 1.]
 [0. 1.]
 [0. 1.]], shape=(10, 2), dtype=float32)
---
As2Sr2Yb1_a2c1c2_sg139_bscaled
tf.Tensor([4.0319985e-05], shape=(1,), dtype=float32)
tf.Tensor(
[[0. 1.]
 [0. 1.]
 [0. 1.]
 [0. 1.]
 [0. 1.]
 [0. 1.]
 [0. 1.]
 [0. 1.]
 [0. 1.]
 [0. 1.]], shape=(10, 2), dtype=float32)
---
P2Mg3Mg3_a2c1c2_sg36
tf.Tensor([0.0001267], shape=(1,), dtype=float32)
tf.Tensor(
[[1.9358015e-32 1.0000000e+00]
 [1.9359197e-32 1.0000000e+00]
 [5.8164746e-34 1.0000000e+00]
 [5.8163860e-34 1.0000000e+00]
 [4.2233797e-30 1.0000000e+00]
 [4.2235083e-30 1.0000000e+00]
 [8.7004795e-33 1.0000000e+00]
 [8.7006117e-33 1.0000000e+00]
 [8.4437940e-35 1.0000000e+00]
 [8.4432786e-35 1.0000000e+00]], shape=(10, 2), dtype=float32)
---
As2Yb1Sr2_a2c1c2_sg164_bscaled
tf.Tensor([3.7635138e-05], shape=(1,), dtype=float32)
tf.Tensor(
[[0. 1.]
 [0. 1.]
 [0. 1.]
 [0. 1.]
 [0. 1.]
 [0. 1.]
 [0. 1.]
 [0. 1.]
 [0. 1.]
 [0. 1.]], shape=(10, 2), dtype=float32)
---
As2Yb2Sr1_a2c1c2_sg139_cscaled
tf.Tensor([4.9179984e-05], shape=(1,), dtype=float32)
tf.Tensor(
[[5.4527921e-17 1.0000000e+00]
 [5.4526257e-17 1.0000000e+00]
 [2.6803386e-22 1.0000000e+00]
 [2.6803386e-22 1.0000000e+00]
 [2.6803386e-22 1.0000000e+00]
 [2.6803590e-22 1.0000000e+00]
 [3.8434815e-22 1.0000000e+00]
 [3.8435840e-22 1.0000000e+00]
 [3.8435840e-22 1.0000000e+00]
 [3.8434962e-22 1.0000000e+00]], shape=(10, 2), dtype=float32)
---
P2Ba2Hg1_a2c1c2_sg139_ascaled
tf.Tensor([1.7164446e-05], shape=(1,), dtype=float32)
tf.Tensor(
[[3.6471938e-20 1.0000000e+00]
 [3.6472216e-20 1.0000000e+00]
 [3.6472771e-20 1.0000000e+00]
 [3.6472493e-20 1.0000000e+00]
 [7.3472247e-32 1.0000000e+00]
 [7.3473369e-32 1.0000000e+00]
 [2.0414174e-18 1.0000000e+00]
 [2.0414487e-18 1.0000000e+00]
 [2.0414642e-18 1.0000000e+00]
 [2.0414174e-18 1.0000000e+00]], shape=(10, 2), dtype=float32)
---
As2Mg2Yb1_a2c1c2_sg139_cscaled
tf.Tensor([5.3815315e-06], shape=(1,), dtype=float32)
tf.Tensor(
[[4.3645808e-15 1.0000000e+00]
 [4.3644978e-15 1.0000000e+00]
 [6.4740698e-16 1.0000000e+00]
 [6.4740698e-16 1.0000000e+00]
 [6.4740698e-16 1.0000000e+00]
 [6.4740449e-16 1.0000000e+00]
 [4.3645143e-15 1.0000000e+00]
 [4.3645808e-15 1.0000000e+00]
 [4.3645808e-15 1.0000000e+00]
 [4.3644808e-15 1.0000000e+00]], shape=(10, 2), dtype=float32)
---
As2Ca2Mn1_a2c1c2_sg139_cscaled
tf.Tensor([9.5023155e-05], shape=(1,), dtype=float32)
tf.Tensor(
[[0. 1.]
 [0. 1.]
 [0. 1.]
 [0. 1.]
 [0. 1.]
 [0. 1.]
 [0. 1.]
 [0. 1.]
 [0. 1.]
 [0. 1.]], shape=(10, 2), dtype=float32)
---
As2Cd2Mn1_a2c1c2_sg139_ascaled
tf.Tensor([0.00082716], shape=(1,), dtype=float32)
tf.Tensor(
[[2.9174418e-34 1.0000000e+00]
 [2.9165294e-34 1.0000000e+00]
 [1.0000000e+00 5.2483644e-16]
 [1.0000000e+00 4.8913230e-16]
 [1.0000000e+00 4.8928906e-16]
 [1.0000000e+00 5.2501866e-16]
 [2.2573791e-24 1.0000000e+00]
 [8.6451829e-21 1.0000000e+00]
 [8.6512203e-21 1.0000000e+00]
 [2.2571638e-24 1.0000000e+00]], shape=(10, 2), dtype=float32)
---
P2Hg2Mg1_a2c1c2_sg139_ascaled
tf.Tensor([1.0118638e-05], shape=(1,), dtype=float32)
tf.Tensor(
[[1.0000000e+00 5.8803310e-17]
 [1.0000000e+00 5.8803085e-17]
 [1.0000000e+00 1.2822254e-28]
 [1.0000000e+00 1.2822254e-28]
 [1.0000000e+00 1.2822254e-28]
 [1.0000000e+00 1.2822254e-28]
 [1.0000000e+00 4.9049044e-17]
 [1.0000000e+00 4.9049044e-17]
 [1.0000000e+00 4.9049044e-17]
 [1.0000000e+00 4.9049044e-17]], shape=(10, 2), dtype=float32)
---
Sb2Zn1Yb2_a2c1c2_sg164_ascaled
tf.Tensor([0.00025485], shape=(1,), dtype=float32)
tf.Tensor(
[[0.997285   0.00271495]
 [0.997285   0.00271495]
 [0.997285   0.00271496]
 [0.997285   0.00271496]
 [0.00197944 0.9980205 ]
 [0.00197944 0.9980205 ]
 [0.997285   0.00271495]
 [0.997285   0.00271495]
 [0.997285   0.00271495]
 [0.997285   0.00271496]], shape=(10, 2), dtype=float32)
---
Sb2Yb1Ca2_a2c1c2_sg164_ascaled
tf.Tensor([0.00042201], shape=(1,), dtype=float32)
tf.Tensor(
[[0. 1.]
 [0. 1.]
 [0. 1.]
 [0. 1.]
 [0. 1.]
 [0. 1.]
 [0. 1.]
 [0. 1.]
 [0. 1.]
 [0. 1.]], shape=(10, 2), dtype=float32)
---
Sb2Yb3Yb3_a2c1c2_sg36
tf.Tensor([5.423954e-07], shape=(1,), dtype=float32)
tf.Tensor(
[[7.1262365e-30 1.0000000e+00]
 [7.1262365e-30 1.0000000e+00]
 [1.1662791e-33 1.0000000e+00]
 [1.1662791e-33 1.0000000e+00]
 [3.9986549e-33 1.0000000e+00]
 [3.9986549e-33 1.0000000e+00]
 [3.3353984e-33 1.0000000e+00]
 [3.3353984e-33 1.0000000e+00]
 [3.2009995e-31 1.0000000e+00]
 [3.2010239e-31 1.0000000e+00]], shape=(10, 2), dtype=float32)
---
As2Sr2Ba1_a2c1c2_sg36
tf.Tensor([0.00025348], shape=(1,), dtype=float32)
tf.Tensor(
[[0. 1.]
 [0. 1.]
 [0. 1.]
 [0. 1.]
 [0. 1.]
 [0. 1.]
 [0. 1.]
 [0. 1.]
 [0. 1.]
 [0. 1.]], shape=(10, 2), dtype=float32)
---
Sb2Mg1Zn2_a2c1c2_sg164_cscaled
tf.Tensor([0.00033678], shape=(1,), dtype=float32)
tf.Tensor(
[[1.0000000e+00 4.1110008e-21]
 [1.0000000e+00 4.1123813e-21]
 [1.0000000e+00 8.0978368e-18]
 [1.0000000e+00 8.0983927e-18]
 [1.0000000e+00 8.0984547e-18]
 [1.0000000e+00 8.0978988e-18]
 [1.0000000e+00 2.1245621e-17]
 [1.0000000e+00 2.1240273e-17]
 [1.0000000e+00 2.1240354e-17]
 [1.0000000e+00 2.1245783e-17]], shape=(10, 2), dtype=float32)
---
Sb2Sr2Ba1_a2c1c2_sg139_cscaled
tf.Tensor([0.0007204], shape=(1,), dtype=float32)
tf.Tensor(
[[0.0000000e+00 1.0000000e+00]
 [0.0000000e+00 1.0000000e+00]
 [4.4202608e-37 1.0000000e+00]
 [4.4202944e-37 1.0000000e+00]
 [4.4205980e-37 1.0000000e+00]
 [4.4205980e-37 1.0000000e+00]
 [6.3642492e-38 1.0000000e+00]
 [6.3642492e-38 1.0000000e+00]
 [6.3645894e-38 1.0000000e+00]
 [6.3645894e-38 1.0000000e+00]], shape=(10, 2), dtype=float32)
---
Sb2Ba3Ba3_a2c1c2_sg36
tf.Tensor([0.00092714], shape=(1,), dtype=float32)
tf.Tensor(
[[0. 1.]
 [0. 1.]
 [0. 1.]
 [0. 1.]
 [0. 1.]
 [0. 1.]
 [0. 1.]
 [0. 1.]
 [0. 1.]
 [0. 1.]], shape=(10, 2), dtype=float32)
---
As2Cd2Mn1_a2c1c2_sg139_cscaled
tf.Tensor([0.00022805], shape=(1,), dtype=float32)
tf.Tensor(
[[7.6487941e-11 1.0000000e+00]
 [7.6322094e-11 1.0000000e+00]
 [9.9992764e-01 7.2340590e-05]
 [9.9992764e-01 7.2390758e-05]
 [9.9992764e-01 7.2387862e-05]
 [9.9992764e-01 7.2337971e-05]
 [9.9966025e-01 3.3972613e-04]
 [9.9966121e-01 3.3877784e-04]
 [9.9966121e-01 3.3877880e-04]
 [9.9966025e-01 3.3972791e-04]], shape=(10, 2), dtype=float32)
---
Sb2Be1Sr2_a2c1c2_sg164_cscaled
tf.Tensor([0.00044354], shape=(1,), dtype=float32)
tf.Tensor(
[[4.1844759e-37 1.0000000e+00]
 [4.1880210e-37 1.0000000e+00]
 [4.2079746e-37 1.0000000e+00]
 [4.2115718e-37 1.0000000e+00]
 [0.0000000e+00 1.0000000e+00]
 [0.0000000e+00 1.0000000e+00]
 [1.1925779e-37 1.0000000e+00]
 [1.1935881e-37 1.0000000e+00]
 [1.1968983e-37 1.0000000e+00]
 [1.1979215e-37 1.0000000e+00]], shape=(10, 2), dtype=float32)
---
Sb2Hg1Be2_a2c1c2_sg164_ascaled
tf.Tensor([0.00068127], shape=(1,), dtype=float32)
tf.Tensor(
[[2.89865020e-05 9.99971032e-01]
 [2.89864474e-05 9.99971032e-01]
 [2.89864474e-05 9.99971032e-01]
 [2.89864201e-05 9.99971032e-01]
 [1.00000000e+00 5.98025274e-09]
 [1.00000000e+00 5.98025274e-09]
 [8.81258488e-01 1.18741550e-01]
 [8.81258845e-01 1.18741088e-01]
 [8.81259084e-01 1.18740894e-01]
 [8.81258607e-01 1.18741401e-01]], shape=(10, 2), dtype=float32)
---
Sb2Ba2Sr1_a2c1c2_sg139_bscaled
tf.Tensor([9.898673e-07], shape=(1,), dtype=float32)
tf.Tensor(
[[0. 1.]
 [0. 1.]
 [0. 1.]
 [0. 1.]
 [0. 1.]
 [0. 1.]
 [0. 1.]
 [0. 1.]
 [0. 1.]
 [0. 1.]], shape=(10, 2), dtype=float32)
---
Bi2Zn1Mg2_a2c1c2_sg164_cscaled
tf.Tensor([4.2554366e-05], shape=(1,), dtype=float32)
tf.Tensor(
[[1.0000000e+00 2.4548509e-14]
 [1.0000000e+00 2.4545934e-14]
 [1.0000000e+00 2.4548182e-14]
 [1.0000000e+00 2.4545372e-14]
 [1.0000000e+00 1.9351598e-09]
 [1.0000000e+00 1.9351338e-09]
 [1.0000000e+00 2.5318674e-11]
 [1.0000000e+00 2.5317805e-11]
 [1.0000000e+00 2.5316983e-11]
 [1.0000000e+00 2.5316308e-11]], shape=(10, 2), dtype=float32)
---
P2Ba2Mn1_a2c1c2_sg36
tf.Tensor([2.4834526e-05], shape=(1,), dtype=float32)
tf.Tensor(
[[0. 1.]
 [0. 1.]
 [0. 1.]
 [0. 1.]
 [0. 1.]
 [0. 1.]
 [0. 1.]
 [0. 1.]
 [0. 1.]
 [0. 1.]], shape=(10, 2), dtype=float32)
---
P2Cd2Mn1_a2c1c2_sg139_bscaled
tf.Tensor([9.793161e-05], shape=(1,), dtype=float32)
tf.Tensor(
[[1.4630170e-15 1.0000000e+00]
 [1.4630394e-15 1.0000000e+00]
 [1.5154851e-18 1.0000000e+00]
 [1.5154505e-18 1.0000000e+00]
 [1.5154505e-18 1.0000000e+00]
 [1.5154851e-18 1.0000000e+00]
 [1.0350632e-14 1.0000000e+00]
 [1.0350829e-14 1.0000000e+00]
 [1.0350789e-14 1.0000000e+00]
 [1.0350592e-14 1.0000000e+00]], shape=(10, 2), dtype=float32)
---
As2Mg2Hg1_a2c1c2_sg139_ascaled
tf.Tensor([0.00083867], shape=(1,), dtype=float32)
tf.Tensor(
[[1.0000000e+00 4.6813605e-11]
 [1.0000000e+00 4.6813605e-11]
 [1.0000000e+00 4.6813605e-11]
 [1.0000000e+00 4.6813605e-11]
 [9.9795425e-01 2.0457776e-03]
 [9.9795425e-01 2.0457795e-03]
 [1.0000000e+00 1.3281459e-13]
 [1.0000000e+00 1.3281459e-13]
 [1.0000000e+00 1.3281510e-13]
 [1.0000000e+00 1.3281510e-13]], shape=(10, 2), dtype=float32)
---
As2Zn2Mg1_a2c1c2_sg139_ascaled
tf.Tensor([2.550675e-05], shape=(1,), dtype=float32)
tf.Tensor(
[[1.0000000e+00 2.0104753e-24]
 [1.0000000e+00 2.0104982e-24]
 [1.0000000e+00 3.5801023e-21]
 [1.0000000e+00 3.5798293e-21]
 [1.0000000e+00 3.5798155e-21]
 [1.0000000e+00 3.5797748e-21]
 [1.0000000e+00 4.5764233e-19]
 [1.0000000e+00 4.5761963e-19]
 [1.0000000e+00 4.5759869e-19]
 [1.0000000e+00 4.5761963e-19]], shape=(10, 2), dtype=float32)
---
Sb2Zn2Cd1_a2c1c2_sg139_ascaled
tf.Tensor([2.5247324e-05], shape=(1,), dtype=float32)
tf.Tensor(
[[1. 0.]
 [1. 0.]
 [1. 0.]
 [1. 0.]
 [1. 0.]
 [1. 0.]
 [1. 0.]
 [1. 0.]
 [1. 0.]
 [1. 0.]], shape=(10, 2), dtype=float32)
---
Sb2Ba3Ba3_a2c1c2_sg139_bscaled
tf.Tensor([0.00013522], shape=(1,), dtype=float32)
tf.Tensor(
[[0. 1.]
 [0. 1.]
 [0. 1.]
 [0. 1.]
 [0. 1.]
 [0. 1.]
 [0. 1.]
 [0. 1.]
 [0. 1.]
 [0. 1.]], shape=(10, 2), dtype=float32)
---
As2Mg2Sr1_a2c1c2_sg36
tf.Tensor([0.00073195], shape=(1,), dtype=float32)
tf.Tensor(
[[1.6649212e-36 1.0000000e+00]
 [1.6648958e-36 1.0000000e+00]
 [3.1103936e-32 1.0000000e+00]
 [3.1102038e-32 1.0000000e+00]
 [0.0000000e+00 1.0000000e+00]
 [0.0000000e+00 1.0000000e+00]
 [0.0000000e+00 1.0000000e+00]
 [0.0000000e+00 1.0000000e+00]
 [3.2264924e-35 1.0000000e+00]
 [3.2266892e-35 1.0000000e+00]], shape=(10, 2), dtype=float32)
---
Sb2Zn2Cd1_a2c1c2_sg36
tf.Tensor([0.00073876], shape=(1,), dtype=float32)
tf.Tensor(
[[1. 0.]
 [1. 0.]
 [1. 0.]
 [1. 0.]
 [1. 0.]
 [1. 0.]
 [1. 0.]
 [1. 0.]
 [1. 0.]
 [1. 0.]], shape=(10, 2), dtype=float32)
---
Sb2Mn2Ca1_a2c1c2_sg139_cscaled
tf.Tensor([0.00048934], shape=(1,), dtype=float32)
tf.Tensor(
[[0. 1.]
 [0. 1.]
 [0. 1.]
 [0. 1.]
 [0. 1.]
 [0. 1.]
 [0. 1.]
 [0. 1.]
 [0. 1.]
 [0. 1.]], shape=(10, 2), dtype=float32)
---
As2Mn1Zn2_a2c1c2_sg164_cscaled
tf.Tensor([3.45898e-05], shape=(1,), dtype=float32)
tf.Tensor(
[[9.9986732e-01 1.3265366e-04]
 [9.9986732e-01 1.3261383e-04]
 [3.4277239e-01 6.5722758e-01]
 [3.4292841e-01 6.5707165e-01]
 [3.4293270e-01 6.5706736e-01]
 [3.4277561e-01 6.5722436e-01]
 [3.4291831e-01 6.5708178e-01]
 [3.4278423e-01 6.5721583e-01]
 [3.4278655e-01 6.5721345e-01]
 [3.4291959e-01 6.5708041e-01]], shape=(10, 2), dtype=float32)
---
As2Mg1Mn2_a2c1c2_sg164_ascaled
tf.Tensor([5.5518256e-05], shape=(1,), dtype=float32)
tf.Tensor(
[[0. 1.]
 [0. 1.]
 [0. 1.]
 [0. 1.]
 [0. 1.]
 [0. 1.]
 [0. 1.]
 [0. 1.]
 [0. 1.]
 [0. 1.]], shape=(10, 2), dtype=float32)
---
P2Yb3Yb3_a2c1c2_sg139_ascaled
tf.Tensor([2.9977311e-06], shape=(1,), dtype=float32)
tf.Tensor(
[[4.4917028e-22 1.0000000e+00]
 [4.4916856e-22 1.0000000e+00]
 [8.3565305e-22 1.0000000e+00]
 [4.4916685e-22 1.0000000e+00]
 [4.4916856e-22 1.0000000e+00]
 [8.3565305e-22 1.0000000e+00]
 [1.8587203e-30 1.0000000e+00]
 [1.8587203e-30 1.0000000e+00]
 [1.8587203e-30 1.0000000e+00]
 [1.8587203e-30 1.0000000e+00]], shape=(10, 2), dtype=float32)
---
As2Mn2Hg1_a2c1c2_sg36
tf.Tensor([5.3930944e-05], shape=(1,), dtype=float32)
tf.Tensor(
[[0.0000000e+00 1.0000000e+00]
 [0.0000000e+00 1.0000000e+00]
 [0.0000000e+00 1.0000000e+00]
 [7.8956654e-24 1.0000000e+00]
 [5.5319536e-22 1.0000000e+00]
 [1.4130154e-30 1.0000000e+00]
 [3.1903513e-27 1.0000000e+00]
 [9.5169641e-35 1.0000000e+00]
 [1.5794007e-32 1.0000000e+00]
 [0.0000000e+00 1.0000000e+00]], shape=(10, 2), dtype=float32)
---
P2Ba2Hg1_a2c1c2_sg139_bscaled
tf.Tensor([1.7128905e-05], shape=(1,), dtype=float32)
tf.Tensor(
[[3.6485434e-20 1.0000000e+00]
 [3.6485573e-20 1.0000000e+00]
 [3.6485573e-20 1.0000000e+00]
 [3.6485573e-20 1.0000000e+00]
 [7.3459357e-32 1.0000000e+00]
 [7.3459357e-32 1.0000000e+00]
 [2.0445349e-18 1.0000000e+00]
 [2.0445192e-18 1.0000000e+00]
 [2.0445349e-18 1.0000000e+00]
 [2.0445270e-18 1.0000000e+00]], shape=(10, 2), dtype=float32)
---
P2Ba3Ba3_a2c1c2_sg36
tf.Tensor([0.00030608], shape=(1,), dtype=float32)
tf.Tensor(
[[0.0000000e+00 1.0000000e+00]
 [0.0000000e+00 1.0000000e+00]
 [0.0000000e+00 1.0000000e+00]
 [0.0000000e+00 1.0000000e+00]
 [1.1890476e-38 1.0000000e+00]
 [1.1890567e-38 1.0000000e+00]
 [0.0000000e+00 1.0000000e+00]
 [0.0000000e+00 1.0000000e+00]
 [0.0000000e+00 1.0000000e+00]
 [0.0000000e+00 1.0000000e+00]], shape=(10, 2), dtype=float32)
---
As2Ca2Be1_a2c1c2_sg36
tf.Tensor([0.00056939], shape=(1,), dtype=float32)
tf.Tensor(
[[0. 1.]
 [0. 1.]
 [0. 1.]
 [0. 1.]
 [0. 1.]
 [0. 1.]
 [0. 1.]
 [0. 1.]
 [0. 1.]
 [0. 1.]], shape=(10, 2), dtype=float32)
---
As2Hg2Yb1_a2c1c2_sg139_ascaled
tf.Tensor([0.00035926], shape=(1,), dtype=float32)
tf.Tensor(
[[1.0000000e+00 2.2361584e-31]
 [1.0000000e+00 2.2361584e-31]
 [1.0000000e+00 9.0282518e-31]
 [1.0000000e+00 9.0281831e-31]
 [1.0000000e+00 9.0282518e-31]
 [1.0000000e+00 9.0282518e-31]
 [1.0000000e+00 3.6450052e-30]
 [1.0000000e+00 3.6450052e-30]
 [1.0000000e+00 3.6450609e-30]
 [1.0000000e+00 3.6450609e-30]], shape=(10, 2), dtype=float32)
---
P2Ca1Ba2_a2c1c2_sg164_cscaled
tf.Tensor([0.0005634], shape=(1,), dtype=float32)
tf.Tensor(
[[0. 1.]
 [0. 1.]
 [0. 1.]
 [0. 1.]
 [0. 1.]
 [0. 1.]
 [0. 1.]
 [0. 1.]
 [0. 1.]
 [0. 1.]], shape=(10, 2), dtype=float32)
---
As2Cd2Mg1_a2c1c2_sg36
tf.Tensor([4.421986e-06], shape=(1,), dtype=float32)
tf.Tensor(
[[1.0000000e+00 2.6102087e-31]
 [1.0000000e+00 2.6101887e-31]
 [1.0000000e+00 2.8883179e-27]
 [1.0000000e+00 2.8882628e-27]
 [1.0000000e+00 5.8811628e-24]
 [1.0000000e+00 5.8811178e-24]
 [1.0000000e+00 1.2784465e-26]
 [1.0000000e+00 1.2784367e-26]
 [1.0000000e+00 2.3144430e-29]
 [1.0000000e+00 2.3144254e-29]], shape=(10, 2), dtype=float32)
---
As2Ca2Ba1_a2c1c2_sg139_ascaled
tf.Tensor([1.966132e-05], shape=(1,), dtype=float32)
tf.Tensor(
[[0. 1.]
 [0. 1.]
 [0. 1.]
 [0. 1.]
 [0. 1.]
 [0. 1.]
 [0. 1.]
 [0. 1.]
 [0. 1.]
 [0. 1.]], shape=(10, 2), dtype=float32)
---
P2Ca2Sr1_a2c1c2_sg36
tf.Tensor([0.00091273], shape=(1,), dtype=float32)
tf.Tensor(
[[0. 1.]
 [0. 1.]
 [0. 1.]
 [0. 1.]
 [0. 1.]
 [0. 1.]
 [0. 1.]
 [0. 1.]
 [0. 1.]
 [0. 1.]], shape=(10, 2), dtype=float32)
---
P2Be2Yb1_a2c1c2_sg36
tf.Tensor([0.00047562], shape=(1,), dtype=float32)
tf.Tensor(
[[0.0000000e+00 1.0000000e+00]
 [0.0000000e+00 1.0000000e+00]
 [4.0974581e-36 1.0000000e+00]
 [4.0973956e-36 1.0000000e+00]
 [1.1326301e-37 1.0000000e+00]
 [1.1326301e-37 1.0000000e+00]
 [1.9112962e-37 1.0000000e+00]
 [1.9112671e-37 1.0000000e+00]
 [0.0000000e+00 1.0000000e+00]
 [0.0000000e+00 1.0000000e+00]], shape=(10, 2), dtype=float32)
---
P2Ca2Ba1_a2c1c2_sg139_cscaled
tf.Tensor([1.2477918e-05], shape=(1,), dtype=float32)
tf.Tensor(
[[1.8915811e-30 1.0000000e+00]
 [1.8915521e-30 1.0000000e+00]
 [6.2205480e-30 1.0000000e+00]
 [6.2205954e-30 1.0000000e+00]
 [6.2205954e-30 1.0000000e+00]
 [6.2205954e-30 1.0000000e+00]
 [2.3709819e-30 1.0000000e+00]
 [2.3709638e-30 1.0000000e+00]
 [2.3709638e-30 1.0000000e+00]
 [2.3709819e-30 1.0000000e+00]], shape=(10, 2), dtype=float32)
---
As2Cd3Cd3_a2c1c2_sg36
tf.Tensor([0.00014477], shape=(1,), dtype=float32)
tf.Tensor(
[[1. 0.]
 [1. 0.]
 [1. 0.]
 [1. 0.]
 [1. 0.]
 [1. 0.]
 [1. 0.]
 [1. 0.]
 [1. 0.]
 [1. 0.]], shape=(10, 2), dtype=float32)
---
As2Mg2Hg1_a2c1c2_sg139_bscaled
tf.Tensor([0.00083867], shape=(1,), dtype=float32)
tf.Tensor(
[[1.0000000e+00 4.6816107e-11]
 [1.0000000e+00 4.6816107e-11]
 [1.0000000e+00 4.6816107e-11]
 [1.0000000e+00 4.6816107e-11]
 [9.9795413e-01 2.0459052e-03]
 [9.9795413e-01 2.0459043e-03]
 [1.0000000e+00 1.3282169e-13]
 [1.0000000e+00 1.3282169e-13]
 [1.0000000e+00 1.3282169e-13]
 [1.0000000e+00 1.3282143e-13]], shape=(10, 2), dtype=float32)
---
As2Cd3Cd3_a2c1c2_sg139_bscaled
tf.Tensor([0.0001855], shape=(1,), dtype=float32)
tf.Tensor(
[[1. 0.]
 [1. 0.]
 [1. 0.]
 [1. 0.]
 [1. 0.]
 [1. 0.]
 [1. 0.]
 [1. 0.]
 [1. 0.]
 [1. 0.]], shape=(10, 2), dtype=float32)
---
Sb2Yb2Mn1_a2c1c2_sg36
tf.Tensor([0.00019548], shape=(1,), dtype=float32)
tf.Tensor(
[[0. 1.]
 [0. 1.]
 [0. 1.]
 [0. 1.]
 [0. 1.]
 [0. 1.]
 [0. 1.]
 [0. 1.]
 [0. 1.]
 [0. 1.]], shape=(10, 2), dtype=float32)
---
As2Mg2Hg1_a2c1c2_sg36
tf.Tensor([0.00059644], shape=(1,), dtype=float32)
tf.Tensor(
[[1.0000000e+00 2.1729766e-08]
 [1.0000000e+00 2.1729766e-08]
 [1.0000000e+00 3.6405706e-16]
 [1.0000000e+00 3.6405706e-16]
 [1.0000000e+00 9.8316344e-10]
 [1.0000000e+00 9.8316344e-10]
 [1.0000000e+00 5.0824747e-13]
 [1.0000000e+00 5.0824649e-13]
 [1.0000000e+00 3.3775105e-10]
 [1.0000000e+00 3.3775041e-10]], shape=(10, 2), dtype=float32)
---
P2Mn1Cd2_a2c1c2_sg164_ascaled
tf.Tensor([0.00013275], shape=(1,), dtype=float32)
tf.Tensor(
[[6.2871625e-35 1.0000000e+00]
 [6.2776719e-35 1.0000000e+00]
 [9.9680531e-01 3.1946888e-03]
 [9.9680245e-01 3.1975037e-03]
 [9.9680233e-01 3.1976358e-03]
 [9.9680471e-01 3.1952718e-03]
 [2.2783674e-31 1.0000000e+00]
 [2.2746679e-31 1.0000000e+00]
 [2.2748761e-31 1.0000000e+00]
 [2.2786629e-31 1.0000000e+00]], shape=(10, 2), dtype=float32)
---
P2Cd2Be1_a2c1c2_sg36
tf.Tensor([0.00024495], shape=(1,), dtype=float32)
tf.Tensor(
[[9.9999905e-01 9.5636926e-07]
 [9.9999905e-01 9.5604651e-07]
 [9.9516255e-01 4.8374287e-03]
 [9.9516392e-01 4.8360471e-03]
 [2.1574194e-12 1.0000000e+00]
 [2.1573166e-12 1.0000000e+00]
 [5.5722993e-02 9.4427693e-01]
 [5.5734441e-02 9.4426560e-01]
 [2.9849358e-02 9.7015059e-01]
 [2.9845329e-02 9.7015464e-01]], shape=(10, 2), dtype=float32)
---
Sb2Ba2Sr1_a2c1c2_sg36
tf.Tensor([0.00011986], shape=(1,), dtype=float32)
tf.Tensor(
[[0. 1.]
 [0. 1.]
 [0. 1.]
 [0. 1.]
 [0. 1.]
 [0. 1.]
 [0. 1.]
 [0. 1.]
 [0. 1.]
 [0. 1.]], shape=(10, 2), dtype=float32)
---
Sb2Hg2Be1_a2c1c2_sg139_bscaled
tf.Tensor([0.00028597], shape=(1,), dtype=float32)
tf.Tensor(
[[9.9999964e-01 3.4979337e-07]
 [9.9999964e-01 3.4979337e-07]
 [1.0000000e+00 0.0000000e+00]
 [1.0000000e+00 0.0000000e+00]
 [1.0000000e+00 0.0000000e+00]
 [1.0000000e+00 0.0000000e+00]
 [1.0000000e+00 1.1143616e-27]
 [1.0000000e+00 1.1143573e-27]
 [1.0000000e+00 1.1426860e-21]
 [1.0000000e+00 1.1426860e-21]], shape=(10, 2), dtype=float32)
---
As2Mg3Mg3_a2c1c2_sg164_cscaled
tf.Tensor([8.1155704e-05], shape=(1,), dtype=float32)
tf.Tensor(
[[9.2957689e-18 1.0000000e+00]
 [1.2771272e-16 1.0000000e+00]
 [1.2771174e-16 1.0000000e+00]
 [9.2955207e-18 1.0000000e+00]
 [1.2771125e-16 1.0000000e+00]
 [1.2771272e-16 1.0000000e+00]
 [1.2771076e-16 1.0000000e+00]
 [1.2771368e-16 1.0000000e+00]
 [1.2771368e-16 1.0000000e+00]
 [1.2771076e-16 1.0000000e+00]], shape=(10, 2), dtype=float32)
---
P2Cd2Hg1_a2c1c2_sg139_cscaled
tf.Tensor([0.00051647], shape=(1,), dtype=float32)
tf.Tensor(
[[1.00000000e+00 8.88153338e-32]
 [1.00000000e+00 8.88153338e-32]
 [1.00000000e+00 8.88153338e-32]
 [1.00000000e+00 8.88166915e-32]
 [1.00000000e+00 1.40620995e-27]
 [1.00000000e+00 1.40619387e-27]
 [1.00000000e+00 1.16006220e-34]
 [1.00000000e+00 1.16010640e-34]
 [1.00000000e+00 1.16011523e-34]
 [1.00000000e+00 1.16006220e-34]], shape=(10, 2), dtype=float32)
---
As2Mg1Cd2_a2c1c2_sg164_bscaled
tf.Tensor([7.2326657e-06], shape=(1,), dtype=float32)
tf.Tensor(
[[1.000000e+00 5.782474e-33]
 [1.000000e+00 5.782430e-33]
 [1.000000e+00 1.825708e-28]
 [1.000000e+00 1.825708e-28]
 [1.000000e+00 1.825708e-28]
 [1.000000e+00 1.825708e-28]
 [1.000000e+00 1.825715e-28]
 [1.000000e+00 1.825715e-28]
 [1.000000e+00 1.825708e-28]
 [1.000000e+00 1.825708e-28]], shape=(10, 2), dtype=float32)
---
As2Ba1Hg2_a2c1c2_sg164_ascaled
tf.Tensor([0.00042394], shape=(1,), dtype=float32)
tf.Tensor(
[[1.0000000e+00 2.6377086e-28]
 [1.0000000e+00 2.6377086e-28]
 [1.0000000e+00 7.5866225e-22]
 [1.0000000e+00 7.5866225e-22]
 [1.0000000e+00 7.5865937e-22]
 [1.0000000e+00 7.5866225e-22]
 [1.0000000e+00 1.3916614e-14]
 [1.0000000e+00 1.3916614e-14]
 [1.0000000e+00 1.3916614e-14]
 [1.0000000e+00 1.3916640e-14]], shape=(10, 2), dtype=float32)
---
P2Zn2Ba1_a2c1c2_sg139_ascaled
tf.Tensor([7.687143e-06], shape=(1,), dtype=float32)
tf.Tensor(
[[4.4387000e-20 1.0000000e+00]
 [4.4387168e-20 1.0000000e+00]
 [4.7207042e-19 1.0000000e+00]
 [4.7208842e-19 1.0000000e+00]
 [4.7209560e-19 1.0000000e+00]
 [4.7208123e-19 1.0000000e+00]
 [5.8052691e-23 1.0000000e+00]
 [5.8058667e-23 1.0000000e+00]
 [5.8056010e-23 1.0000000e+00]
 [5.8058888e-23 1.0000000e+00]], shape=(10, 2), dtype=float32)
---
Sb2Mn2Yb1_a2c1c2_sg36
tf.Tensor([2.5001682e-06], shape=(1,), dtype=float32)
tf.Tensor(
[[0. 1.]
 [0. 1.]
 [0. 1.]
 [0. 1.]
 [0. 1.]
 [0. 1.]
 [0. 1.]
 [0. 1.]
 [0. 1.]
 [0. 1.]], shape=(10, 2), dtype=float32)
---
Bi2Mg2Hg1_a2c1c2_sg36
tf.Tensor([0.00045958], shape=(1,), dtype=float32)
tf.Tensor(
[[1.0000000e+00 4.7889255e-32]
 [1.0000000e+00 4.4283902e-32]
 [1.0000000e+00 9.9757999e-32]
 [1.0000000e+00 1.0262983e-31]
 [1.0000000e+00 3.4552591e-25]
 [1.0000000e+00 3.6465586e-25]
 [1.0000000e+00 1.0640025e-24]
 [1.0000000e+00 1.0926804e-24]
 [1.0000000e+00 1.1153653e-27]
 [1.0000000e+00 1.1090986e-27]], shape=(10, 2), dtype=float32)
---
P2Ba2Mg1_a2c1c2_sg36
tf.Tensor([0.00022846], shape=(1,), dtype=float32)
tf.Tensor(
[[0. 1.]
 [0. 1.]
 [0. 1.]
 [0. 1.]
 [0. 1.]
 [0. 1.]
 [0. 1.]
 [0. 1.]
 [0. 1.]
 [0. 1.]], shape=(10, 2), dtype=float32)
---
P2Yb2Hg1_a2c1c2_sg139_cscaled
tf.Tensor([0.00033314], shape=(1,), dtype=float32)
tf.Tensor(
[[1.0526910e-07 9.9999988e-01]
 [1.0526910e-07 9.9999988e-01]
 [1.0526288e-07 9.9999988e-01]
 [1.0526288e-07 9.9999988e-01]
 [6.1314592e-11 1.0000000e+00]
 [6.1312018e-11 1.0000000e+00]
 [5.8051705e-02 9.4194829e-01]
 [5.8058143e-02 9.4194180e-01]
 [5.8056995e-02 9.4194299e-01]
 [5.8049336e-02 9.4195074e-01]], shape=(10, 2), dtype=float32)
---
P2Cd2Mn1_a2c1c2_sg139_ascaled
tf.Tensor([0.00014683], shape=(1,), dtype=float32)
tf.Tensor(
[[1.1517328e-19 1.0000000e+00]
 [1.1839175e-19 1.0000000e+00]
 [1.5254852e-10 1.0000000e+00]
 [1.7272432e-10 1.0000000e+00]
 [1.7274936e-10 1.0000000e+00]
 [1.5253745e-10 1.0000000e+00]
 [1.0547650e-15 1.0000000e+00]
 [1.1276935e-15 1.0000000e+00]
 [1.1279516e-15 1.0000000e+00]
 [1.0548978e-15 1.0000000e+00]], shape=(10, 2), dtype=float32)
---
Sb2Ca2Hg1_a2c1c2_sg139_bscaled
tf.Tensor([0.00010824], shape=(1,), dtype=float32)
tf.Tensor(
[[4.3032136e-02 9.5696783e-01]
 [4.3032169e-02 9.5696783e-01]
 [4.3032482e-02 9.5696753e-01]
 [4.3032460e-02 9.5696753e-01]
 [7.8105437e-20 1.0000000e+00]
 [7.8105140e-20 1.0000000e+00]
 [9.9997330e-01 2.6731172e-05]
 [9.9997330e-01 2.6731223e-05]
 [9.9997330e-01 2.6731324e-05]
 [9.9997330e-01 2.6731324e-05]], shape=(10, 2), dtype=float32)
---
Sb2Mg1Cd2_a2c1c2_sg164_cscaled
tf.Tensor([0.00037664], shape=(1,), dtype=float32)
tf.Tensor(
[[1.0000000e+00 5.9722098e-30]
 [1.0000000e+00 5.9722098e-30]
 [1.0000000e+00 1.7855763e-25]
 [1.0000000e+00 1.7855694e-25]
 [1.0000000e+00 1.7855626e-25]
 [1.0000000e+00 1.7855763e-25]
 [1.0000000e+00 1.7855694e-25]
 [1.0000000e+00 1.7855831e-25]
 [1.0000000e+00 1.7855763e-25]
 [1.0000000e+00 1.7855694e-25]], shape=(10, 2), dtype=float32)
---
P2Zn2Mg1_a2c1c2_sg36
tf.Tensor([0.00089694], shape=(1,), dtype=float32)
tf.Tensor(
[[9.9999774e-01 2.2412014e-06]
 [9.9999774e-01 2.2412505e-06]
 [9.9999642e-01 3.5546418e-06]
 [9.9999642e-01 3.5549538e-06]
 [9.9645281e-01 3.5472433e-03]
 [9.9645245e-01 3.5475821e-03]
 [9.3381536e-01 6.6184692e-02]
 [9.3382460e-01 6.6175438e-02]
 [5.2429575e-01 4.7570428e-01]
 [5.2430332e-01 4.7569665e-01]], shape=(10, 2), dtype=float32)
---
As2Mg1Ba2_a2c1c2_sg164_bscaled
tf.Tensor([0.00014047], shape=(1,), dtype=float32)
tf.Tensor(
[[0. 1.]
 [0. 1.]
 [0. 1.]
 [0. 1.]
 [0. 1.]
 [0. 1.]
 [0. 1.]
 [0. 1.]
 [0. 1.]
 [0. 1.]], shape=(10, 2), dtype=float32)
---
Bi2Sr2Mg1_a2c1c2_sg36
tf.Tensor([7.214229e-05], shape=(1,), dtype=float32)
tf.Tensor(
[[9.2233395e-22 1.0000000e+00]
 [9.2231991e-22 1.0000000e+00]
 [1.1714855e-21 1.0000000e+00]
 [1.1714586e-21 1.0000000e+00]
 [8.3284714e-27 1.0000000e+00]
 [8.3271695e-27 1.0000000e+00]
 [3.2629842e-26 1.0000000e+00]
 [3.2628846e-26 1.0000000e+00]
 [6.4936360e-23 1.0000000e+00]
 [6.4945031e-23 1.0000000e+00]], shape=(10, 2), dtype=float32)
---
P2Mn1Zn2_a2c1c2_sg164_ascaled
tf.Tensor([0.00084697], shape=(1,), dtype=float32)
tf.Tensor(
[[0.0000000e+00 1.0000000e+00]
 [0.0000000e+00 1.0000000e+00]
 [1.5165473e-13 1.0000000e+00]
 [1.5167875e-13 1.0000000e+00]
 [7.1271218e-02 9.2872876e-01]
 [7.1267903e-02 9.2873204e-01]
 [2.5899610e-34 1.0000000e+00]
 [2.5893092e-34 1.0000000e+00]
 [2.3638606e-34 1.0000000e+00]
 [2.3641492e-34 1.0000000e+00]], shape=(10, 2), dtype=float32)
---
As2Yb1Ca2_a2c1c2_sg164_ascaled
tf.Tensor([0.00053283], shape=(1,), dtype=float32)
tf.Tensor(
[[0. 1.]
 [0. 1.]
 [0. 1.]
 [0. 1.]
 [0. 1.]
 [0. 1.]
 [0. 1.]
 [0. 1.]
 [0. 1.]
 [0. 1.]], shape=(10, 2), dtype=float32)
---
Sb2Hg2Ba1_a2c1c2_sg139_cscaled
tf.Tensor([9.3126946e-05], shape=(1,), dtype=float32)
tf.Tensor(
[[1.0000000e+00 1.3605567e-26]
 [1.0000000e+00 1.3605515e-26]
 [1.0000000e+00 5.4658083e-17]
 [1.0000000e+00 5.4658083e-17]
 [1.0000000e+00 5.4658500e-17]
 [1.0000000e+00 5.4658500e-17]
 [1.0000000e+00 8.4208396e-17]
 [1.0000000e+00 8.4208396e-17]
 [1.0000000e+00 8.4208396e-17]
 [1.0000000e+00 8.4208396e-17]], shape=(10, 2), dtype=float32)
---
As2Yb2Cd1_a2c1c2_sg36
tf.Tensor([0.00051139], shape=(1,), dtype=float32)
tf.Tensor(
[[1.6802469e-05 9.9998319e-01]
 [1.6802500e-05 9.9998319e-01]
 [2.7703604e-04 9.9972290e-01]
 [2.7703631e-04 9.9972290e-01]
 [5.7259617e-11 1.0000000e+00]
 [5.7259399e-11 1.0000000e+00]
 [2.5880176e-10 1.0000000e+00]
 [2.5880276e-10 1.0000000e+00]
 [5.8746488e-09 1.0000000e+00]
 [5.8746825e-09 1.0000000e+00]], shape=(10, 2), dtype=float32)
---
As2Zn2Be1_a2c1c2_sg36
tf.Tensor([5.2242503e-05], shape=(1,), dtype=float32)
tf.Tensor(
[[1.00000000e+00 3.03959435e-09]
 [1.00000000e+00 3.03433478e-09]
 [9.98580575e-01 1.41941116e-03]
 [9.98581290e-01 1.41872675e-03]
 [1.27471145e-02 9.87252891e-01]
 [1.27425008e-02 9.87257540e-01]
 [1.00000000e+00 2.95501419e-08]
 [1.00000000e+00 2.95535241e-08]
 [9.99999404e-01 5.94794869e-07]
 [9.99999404e-01 5.95653148e-07]], shape=(10, 2), dtype=float32)
---
As2Cd2Sr1_a2c1c2_sg139_cscaled
tf.Tensor([5.8342343e-05], shape=(1,), dtype=float32)
tf.Tensor(
[[1.0000000e+00 4.0800241e-08]
 [1.0000000e+00 4.0800163e-08]
 [4.9721837e-01 5.0278157e-01]
 [4.9721891e-01 5.0278115e-01]
 [4.9721885e-01 5.0278121e-01]
 [4.9721855e-01 5.0278139e-01]
 [1.9816326e-01 8.0183673e-01]
 [1.9816275e-01 8.0183727e-01]
 [1.9816290e-01 8.0183709e-01]
 [1.9816314e-01 8.0183685e-01]], shape=(10, 2), dtype=float32)
---
Sb2Be3Be3_a2c1c2_sg139_bscaled
tf.Tensor([0.00090688], shape=(1,), dtype=float32)
tf.Tensor(
[[5.2410485e-36 1.0000000e+00]
 [5.2408487e-36 1.0000000e+00]
 [8.9728096e-37 1.0000000e+00]
 [5.2410485e-36 1.0000000e+00]
 [5.2408885e-36 1.0000000e+00]
 [8.9728096e-37 1.0000000e+00]
 [1.9179195e-38 1.0000000e+00]
 [1.9195445e-38 1.0000000e+00]
 [1.9179342e-38 1.0000000e+00]
 [1.9195445e-38 1.0000000e+00]], shape=(10, 2), dtype=float32)
---
Bi2Yb2Be1_a2c1c2_sg36
tf.Tensor([0.00051889], shape=(1,), dtype=float32)
tf.Tensor(
[[2.9100528e-10 1.0000000e+00]
 [2.9100583e-10 1.0000000e+00]
 [2.8728530e-11 1.0000000e+00]
 [2.8728585e-11 1.0000000e+00]
 [2.4318460e-08 1.0000000e+00]
 [2.4318737e-08 1.0000000e+00]
 [3.2796049e-08 1.0000000e+00]
 [3.2796361e-08 1.0000000e+00]
 [4.1288115e-07 9.9999964e-01]
 [4.1287763e-07 9.9999964e-01]], shape=(10, 2), dtype=float32)
---
P2Be1Sr2_a2c1c2_sg164_ascaled
tf.Tensor([0.00040849], shape=(1,), dtype=float32)
tf.Tensor(
[[0. 1.]
 [0. 1.]
 [0. 1.]
 [0. 1.]
 [0. 1.]
 [0. 1.]
 [0. 1.]
 [0. 1.]
 [0. 1.]
 [0. 1.]], shape=(10, 2), dtype=float32)
---
Sb2Cd1Mg2_a2c1c2_sg164_ascaled
tf.Tensor([3.162196e-05], shape=(1,), dtype=float32)
tf.Tensor(
[[1.000000e+00 6.877724e-22]
 [1.000000e+00 6.877698e-22]
 [1.000000e+00 6.877724e-22]
 [1.000000e+00 6.877698e-22]
 [1.000000e+00 1.317244e-18]
 [1.000000e+00 1.317244e-18]
 [1.000000e+00 6.877724e-22]
 [1.000000e+00 6.877724e-22]
 [1.000000e+00 6.877724e-22]
 [1.000000e+00 6.877724e-22]], shape=(10, 2), dtype=float32)
---
Bi2Hg1Ba2_a2c1c2_sg164_cscaled
tf.Tensor([0.0002714], shape=(1,), dtype=float32)
tf.Tensor(
[[6.5950310e-01 3.4049684e-01]
 [6.5937144e-01 3.4062859e-01]
 [6.5101457e-01 3.4898546e-01]
 [6.5108287e-01 3.4891707e-01]
 [1.1858375e-05 9.9998820e-01]
 [1.1786914e-05 9.9998820e-01]
 [6.5362036e-01 3.4637970e-01]
 [6.5397918e-01 3.4602079e-01]
 [6.5687811e-01 3.4312195e-01]
 [6.5653700e-01 3.4346300e-01]], shape=(10, 2), dtype=float32)
---
As2Cd1Be2_a2c1c2_sg164_ascaled
tf.Tensor([0.0003785], shape=(1,), dtype=float32)
tf.Tensor(
[[6.8696585e-19 1.0000000e+00]
 [6.8696585e-19 1.0000000e+00]
 [6.8696843e-19 1.0000000e+00]
 [6.8696843e-19 1.0000000e+00]
 [1.0193540e-11 1.0000000e+00]
 [1.0193559e-11 1.0000000e+00]
 [2.6492436e-14 1.0000000e+00]
 [2.6492487e-14 1.0000000e+00]
 [2.6492487e-14 1.0000000e+00]
 [2.6492487e-14 1.0000000e+00]], shape=(10, 2), dtype=float32)
---
Bi2Yb1Hg2_a2c1c2_sg164_bscaled
tf.Tensor([8.242354e-05], shape=(1,), dtype=float32)
tf.Tensor(
[[1. 0.]
 [1. 0.]
 [1. 0.]
 [1. 0.]
 [1. 0.]
 [1. 0.]
 [1. 0.]
 [1. 0.]
 [1. 0.]
 [1. 0.]], shape=(10, 2), dtype=float32)
---
Bi2Sr3Sr3_a2c1c2_sg164_cscaled
tf.Tensor([0.00027027], shape=(1,), dtype=float32)
tf.Tensor(
[[5.2912070e-37 1.0000000e+00]
 [1.8261979e-33 1.0000000e+00]
 [1.8261979e-33 1.0000000e+00]
 [5.2912070e-37 1.0000000e+00]
 [1.8261979e-33 1.0000000e+00]
 [1.8261979e-33 1.0000000e+00]
 [1.8261979e-33 1.0000000e+00]
 [1.8261979e-33 1.0000000e+00]
 [1.8262118e-33 1.0000000e+00]
 [1.8261979e-33 1.0000000e+00]], shape=(10, 2), dtype=float32)
---
P2Cd1Mg2_a2c1c2_sg164_bscaled
tf.Tensor([0.00013747], shape=(1,), dtype=float32)
tf.Tensor(
[[1.0121391e-07 9.9999988e-01]
 [1.0121410e-07 9.9999988e-01]
 [1.0121391e-07 9.9999988e-01]
 [1.0121410e-07 9.9999988e-01]
 [1.5086719e-12 1.0000000e+00]
 [1.5086719e-12 1.0000000e+00]
 [8.6229210e-09 1.0000000e+00]
 [8.6229210e-09 1.0000000e+00]
 [8.6229210e-09 1.0000000e+00]
 [8.6229379e-09 1.0000000e+00]], shape=(10, 2), dtype=float32)
---
As2Hg2Ca1_a2c1c2_sg36
tf.Tensor([4.188822e-05], shape=(1,), dtype=float32)
tf.Tensor(
[[1.00000000e+00 1.20452245e-33]
 [1.00000000e+00 1.20342015e-33]
 [1.00000000e+00 1.34754426e-20]
 [1.00000000e+00 1.34782190e-20]
 [1.00000000e+00 1.81164440e-14]
 [1.00000000e+00 1.81106401e-14]
 [1.00000000e+00 2.94539893e-26]
 [1.00000000e+00 2.94326469e-26]
 [1.00000000e+00 3.55164911e-19]
 [1.00000000e+00 3.55726257e-19]], shape=(10, 2), dtype=float32)
---
As2Ba1Mn2_a2c1c2_sg164_ascaled
tf.Tensor([0.00094608], shape=(1,), dtype=float32)
tf.Tensor(
[[0. 1.]
 [0. 1.]
 [0. 1.]
 [0. 1.]
 [0. 1.]
 [0. 1.]
 [0. 1.]
 [0. 1.]
 [0. 1.]
 [0. 1.]], shape=(10, 2), dtype=float32)
---
P2Mn1Sr2_a2c1c2_sg164_bscaled
tf.Tensor([0.00022978], shape=(1,), dtype=float32)
tf.Tensor(
[[0. 1.]
 [0. 1.]
 [0. 1.]
 [0. 1.]
 [0. 1.]
 [0. 1.]
 [0. 1.]
 [0. 1.]
 [0. 1.]
 [0. 1.]], shape=(10, 2), dtype=float32)
---
P2Sr2Mn1_a2c1c2_sg36
tf.Tensor([0.00025379], shape=(1,), dtype=float32)
tf.Tensor(
[[0. 1.]
 [0. 1.]
 [0. 1.]
 [0. 1.]
 [0. 1.]
 [0. 1.]
 [0. 1.]
 [0. 1.]
 [0. 1.]
 [0. 1.]], shape=(10, 2), dtype=float32)
---
Sb2Mg2Ba1_a2c1c2_sg139_cscaled
tf.Tensor([0.00097926], shape=(1,), dtype=float32)
tf.Tensor(
[[2.2302963e-17 1.0000000e+00]
 [2.2301517e-17 1.0000000e+00]
 [1.6193121e-24 1.0000000e+00]
 [1.6193121e-24 1.0000000e+00]
 [1.6193060e-24 1.0000000e+00]
 [1.6193060e-24 1.0000000e+00]
 [3.3126908e-24 1.0000000e+00]
 [3.3127413e-24 1.0000000e+00]
 [3.3127287e-24 1.0000000e+00]
 [3.3126908e-24 1.0000000e+00]], shape=(10, 2), dtype=float32)
---
P2Mg2Ca1_a2c1c2_sg36
tf.Tensor([0.0003165], shape=(1,), dtype=float32)
tf.Tensor(
[[1.9749549e-38 1.0000000e+00]
 [1.9749549e-38 1.0000000e+00]
 [0.0000000e+00 1.0000000e+00]
 [0.0000000e+00 1.0000000e+00]
 [0.0000000e+00 1.0000000e+00]
 [0.0000000e+00 1.0000000e+00]
 [0.0000000e+00 1.0000000e+00]
 [0.0000000e+00 1.0000000e+00]
 [0.0000000e+00 1.0000000e+00]
 [0.0000000e+00 1.0000000e+00]], shape=(10, 2), dtype=float32)
---
As2Cd1Be2_a2c1c2_sg164_bscaled
tf.Tensor([0.00038028], shape=(1,), dtype=float32)
tf.Tensor(
[[6.3235817e-19 1.0000000e+00]
 [6.3235337e-19 1.0000000e+00]
 [6.3235580e-19 1.0000000e+00]
 [6.3235580e-19 1.0000000e+00]
 [9.0495623e-12 1.0000000e+00]
 [9.0495797e-12 1.0000000e+00]
 [2.3583903e-14 1.0000000e+00]
 [2.3583857e-14 1.0000000e+00]
 [2.3583813e-14 1.0000000e+00]
 [2.3583947e-14 1.0000000e+00]], shape=(10, 2), dtype=float32)
---
Sb2Yb1Mg2_a2c1c2_sg164_cscaled
tf.Tensor([0.00022879], shape=(1,), dtype=float32)
tf.Tensor(
[[1.9101013e-14 1.0000000e+00]
 [1.9101013e-14 1.0000000e+00]
 [2.2319167e-14 1.0000000e+00]
 [2.2319210e-14 1.0000000e+00]
 [2.2319167e-14 1.0000000e+00]
 [2.2319167e-14 1.0000000e+00]
 [2.2319210e-14 1.0000000e+00]
 [2.2319167e-14 1.0000000e+00]
 [2.2319167e-14 1.0000000e+00]
 [2.2319252e-14 1.0000000e+00]], shape=(10, 2), dtype=float32)
---
As2Ba2Cd1_a2c1c2_sg36
tf.Tensor([4.0289713e-05], shape=(1,), dtype=float32)
tf.Tensor(
[[1.1595354e-27 1.0000000e+00]
 [1.1595752e-27 1.0000000e+00]
 [2.2911562e-21 1.0000000e+00]
 [2.2911562e-21 1.0000000e+00]
 [3.3949835e-35 1.0000000e+00]
 [3.3950093e-35 1.0000000e+00]
 [6.9108488e-33 1.0000000e+00]
 [6.9107430e-33 1.0000000e+00]
 [6.4613638e-31 1.0000000e+00]
 [6.4613638e-31 1.0000000e+00]], shape=(10, 2), dtype=float32)
---
P2Hg2Mg1_a2c1c2_sg36
tf.Tensor([0.00018408], shape=(1,), dtype=float32)
tf.Tensor(
[[1.0000000e+00 1.8533617e-29]
 [1.0000000e+00 1.8564183e-29]
 [1.0000000e+00 2.0007720e-26]
 [1.0000000e+00 2.0009323e-26]
 [1.0000000e+00 5.8628720e-13]
 [1.0000000e+00 5.8638896e-13]
 [1.0000000e+00 9.9078820e-16]
 [1.0000000e+00 9.9070879e-16]
 [1.0000000e+00 6.1974889e-19]
 [1.0000000e+00 6.1806558e-19]], shape=(10, 2), dtype=float32)
---
As2Mg2Ca1_a2c1c2_sg36
tf.Tensor([0.00044957], shape=(1,), dtype=float32)
tf.Tensor(
[[6.4512248e-36 1.0000000e+00]
 [6.4512248e-36 1.0000000e+00]
 [2.1975253e-35 1.0000000e+00]
 [2.1975253e-35 1.0000000e+00]
 [1.2581575e-38 1.0000000e+00]
 [1.2581478e-38 1.0000000e+00]
 [0.0000000e+00 1.0000000e+00]
 [0.0000000e+00 1.0000000e+00]
 [1.8907014e-37 1.0000000e+00]
 [1.8907014e-37 1.0000000e+00]], shape=(10, 2), dtype=float32)
---
Sb2Mn2Mg1_a2c1c2_sg139_cscaled
tf.Tensor([0.00033172], shape=(1,), dtype=float32)
tf.Tensor(
[[3.2194411e-24 1.0000000e+00]
 [3.2230539e-24 1.0000000e+00]
 [1.4820500e-35 1.0000000e+00]
 [1.4820500e-35 1.0000000e+00]
 [1.4850381e-35 1.0000000e+00]
 [1.4850494e-35 1.0000000e+00]
 [4.9810750e-27 1.0000000e+00]
 [4.9769912e-27 1.0000000e+00]
 [4.9906037e-27 1.0000000e+00]
 [4.9947175e-27 1.0000000e+00]], shape=(10, 2), dtype=float32)
---
P2Hg1Mn2_a2c1c2_sg164_bscaled
tf.Tensor([0.00030103], shape=(1,), dtype=float32)
tf.Tensor(
[[0. 1.]
 [0. 1.]
 [0. 1.]
 [0. 1.]
 [0. 1.]
 [0. 1.]
 [0. 1.]
 [0. 1.]
 [0. 1.]
 [0. 1.]], shape=(10, 2), dtype=float32)
---
Sb2Mn2Sr1_a2c1c2_sg139_cscaled
tf.Tensor([2.8526847e-05], shape=(1,), dtype=float32)
tf.Tensor(
[[0. 1.]
 [0. 1.]
 [0. 1.]
 [0. 1.]
 [0. 1.]
 [0. 1.]
 [0. 1.]
 [0. 1.]
 [0. 1.]
 [0. 1.]], shape=(10, 2), dtype=float32)
---
Sb2Yb2Zn1_a2c1c2_sg36
tf.Tensor([0.00070881], shape=(1,), dtype=float32)
tf.Tensor(
[[3.8085571e-03 9.9619138e-01]
 [3.8086025e-03 9.9619138e-01]
 [9.8391092e-01 1.6089138e-02]
 [9.8391080e-01 1.6089184e-02]
 [1.1937229e-10 1.0000000e+00]
 [1.1937161e-10 1.0000000e+00]
 [1.0674386e-07 9.9999988e-01]
 [1.0674671e-07 9.9999988e-01]
 [2.6053853e-05 9.9997389e-01]
 [2.6053529e-05 9.9997389e-01]], shape=(10, 2), dtype=float32)
---
P2Mg3Mg3_a2c1c2_sg164_cscaled
tf.Tensor([0.00047221], shape=(1,), dtype=float32)
tf.Tensor(
[[9.471884e-25 1.000000e+00]
 [3.650475e-22 1.000000e+00]
 [3.650475e-22 1.000000e+00]
 [9.471884e-25 1.000000e+00]
 [3.650475e-22 1.000000e+00]
 [3.650475e-22 1.000000e+00]
 [3.650475e-22 1.000000e+00]
 [3.650475e-22 1.000000e+00]
 [3.650475e-22 1.000000e+00]
 [3.650475e-22 1.000000e+00]], shape=(10, 2), dtype=float32)
---
P2Cd1Yb2_a2c1c2_sg164_ascaled
tf.Tensor([0.000475], shape=(1,), dtype=float32)
tf.Tensor(
[[1.6677869e-11 1.0000000e+00]
 [1.6677902e-11 1.0000000e+00]
 [1.6677965e-11 1.0000000e+00]
 [1.6677933e-11 1.0000000e+00]
 [3.0584374e-16 1.0000000e+00]
 [3.0584258e-16 1.0000000e+00]
 [1.6677869e-11 1.0000000e+00]
 [1.6677902e-11 1.0000000e+00]
 [1.6677965e-11 1.0000000e+00]
 [1.6677998e-11 1.0000000e+00]], shape=(10, 2), dtype=float32)
---
Sb2Mg2Yb1_a2c1c2_sg36
tf.Tensor([0.00010651], shape=(1,), dtype=float32)
tf.Tensor(
[[1.8252271e-21 1.0000000e+00]
 [1.8252271e-21 1.0000000e+00]
 [9.2941547e-22 1.0000000e+00]
 [9.2941194e-22 1.0000000e+00]
 [2.4153110e-23 1.0000000e+00]
 [2.4153110e-23 1.0000000e+00]
 [2.1983365e-22 1.0000000e+00]
 [2.1983365e-22 1.0000000e+00]
 [3.1127124e-22 1.0000000e+00]
 [3.1127124e-22 1.0000000e+00]], shape=(10, 2), dtype=float32)
---
P2Cd1Mg2_a2c1c2_sg164_ascaled
tf.Tensor([0.00013616], shape=(1,), dtype=float32)
tf.Tensor(
[[1.01800346e-07 9.99999881e-01]
 [1.01800346e-07 9.99999881e-01]
 [1.01800545e-07 9.99999881e-01]
 [1.01800545e-07 9.99999881e-01]
 [1.52248949e-12 1.00000000e+00]
 [1.52248949e-12 1.00000000e+00]
 [8.69635564e-09 1.00000000e+00]
 [8.69635564e-09 1.00000000e+00]
 [8.69637162e-09 1.00000000e+00]
 [8.69635564e-09 1.00000000e+00]], shape=(10, 2), dtype=float32)
---
As2Yb3Yb3_a2c1c2_sg36
tf.Tensor([0.00015679], shape=(1,), dtype=float32)
tf.Tensor(
[[3.94132776e-29 1.00000000e+00]
 [3.94120769e-29 1.00000000e+00]
 [1.74893091e-32 1.00000000e+00]
 [1.74874401e-32 1.00000000e+00]
 [1.14740316e-29 1.00000000e+00]
 [1.14763954e-29 1.00000000e+00]
 [2.37799025e-32 1.00000000e+00]
 [2.37793588e-32 1.00000000e+00]
 [2.02447131e-27 1.00000000e+00]
 [2.02390759e-27 1.00000000e+00]], shape=(10, 2), dtype=float32)
---
P2Ba1Cd2_a2c1c2_sg164_ascaled
tf.Tensor([0.00091876], shape=(1,), dtype=float32)
tf.Tensor(
[[4.5435727e-02 9.5456427e-01]
 [4.5426406e-02 9.5457363e-01]
 [9.3155519e-05 9.9990678e-01]
 [9.3105176e-05 9.9990690e-01]
 [9.3095143e-05 9.9990690e-01]
 [9.3155519e-05 9.9990678e-01]
 [2.2463704e-13 1.0000000e+00]
 [2.2451454e-13 1.0000000e+00]
 [2.2452909e-13 1.0000000e+00]
 [2.2456936e-13 1.0000000e+00]], shape=(10, 2), dtype=float32)
---
Bi2Hg2Be1_a2c1c2_sg36
tf.Tensor([4.127939e-05], shape=(1,), dtype=float32)
tf.Tensor(
[[1. 0.]
 [1. 0.]
 [1. 0.]
 [1. 0.]
 [1. 0.]
 [1. 0.]
 [1. 0.]
 [1. 0.]
 [1. 0.]
 [1. 0.]], shape=(10, 2), dtype=float32)
---
P2Hg2Mg1_a2c1c2_sg139_bscaled
tf.Tensor([1.1107912e-05], shape=(1,), dtype=float32)
tf.Tensor(
[[1.0000000e+00 5.8372634e-17]
 [1.0000000e+00 5.8372634e-17]
 [1.0000000e+00 1.2707531e-28]
 [1.0000000e+00 1.2707531e-28]
 [1.0000000e+00 1.2707434e-28]
 [1.0000000e+00 1.2707434e-28]
 [1.0000000e+00 4.8720094e-17]
 [1.0000000e+00 4.8720094e-17]
 [1.0000000e+00 4.8720094e-17]
 [1.0000000e+00 4.8720094e-17]], shape=(10, 2), dtype=float32)
---
P2Ba2Sr1_a2c1c2_sg36
tf.Tensor([0.00021472], shape=(1,), dtype=float32)
tf.Tensor(
[[0. 1.]
 [0. 1.]
 [0. 1.]
 [0. 1.]
 [0. 1.]
 [0. 1.]
 [0. 1.]
 [0. 1.]
 [0. 1.]
 [0. 1.]], shape=(10, 2), dtype=float32)
---
P2Mg3Mg3_a2c1c2_sg164_bscaled
tf.Tensor([0.00023179], shape=(1,), dtype=float32)
tf.Tensor(
[[1.9152895e-36 1.0000000e+00]
 [1.8435847e-33 1.0000000e+00]
 [1.8435987e-33 1.0000000e+00]
 [1.9152895e-36 1.0000000e+00]
 [1.8435564e-33 1.0000000e+00]
 [1.8435564e-33 1.0000000e+00]
 [1.8435987e-33 1.0000000e+00]
 [1.8435987e-33 1.0000000e+00]
 [1.8435564e-33 1.0000000e+00]
 [1.8435564e-33 1.0000000e+00]], shape=(10, 2), dtype=float32)
---
As2Mn2Zn1_a2c1c2_sg36
tf.Tensor([0.00092377], shape=(1,), dtype=float32)
tf.Tensor(
[[0. 1.]
 [0. 1.]
 [0. 1.]
 [0. 1.]
 [0. 1.]
 [0. 1.]
 [0. 1.]
 [0. 1.]
 [0. 1.]
 [0. 1.]], shape=(10, 2), dtype=float32)
---
Bi2Sr2Ba1_a2c1c2_sg36
tf.Tensor([1.355912e-06], shape=(1,), dtype=float32)
tf.Tensor(
[[6.4690191e-28 1.0000000e+00]
 [6.4689945e-28 1.0000000e+00]
 [1.2440847e-28 1.0000000e+00]
 [1.2440656e-28 1.0000000e+00]
 [1.5631640e-31 1.0000000e+00]
 [1.5631640e-31 1.0000000e+00]
 [4.4594124e-32 1.0000000e+00]
 [4.4594465e-32 1.0000000e+00]
 [1.3011307e-29 1.0000000e+00]
 [1.3011703e-29 1.0000000e+00]], shape=(10, 2), dtype=float32)
---
P2Zn2Ba1_a2c1c2_sg139_bscaled
tf.Tensor([7.688464e-06], shape=(1,), dtype=float32)
tf.Tensor(
[[4.4589633e-20 1.0000000e+00]
 [4.4589633e-20 1.0000000e+00]
 [4.7302582e-19 1.0000000e+00]
 [4.7303300e-19 1.0000000e+00]
 [4.7302582e-19 1.0000000e+00]
 [4.7303300e-19 1.0000000e+00]
 [5.8223905e-23 1.0000000e+00]
 [5.8221904e-23 1.0000000e+00]
 [5.8223457e-23 1.0000000e+00]
 [5.8221904e-23 1.0000000e+00]], shape=(10, 2), dtype=float32)
---
As2Mn1Mg2_a2c1c2_sg164_cscaled
tf.Tensor([7.227601e-05], shape=(1,), dtype=float32)
tf.Tensor(
[[6.7812964e-32 1.0000000e+00]
 [6.8058643e-32 1.0000000e+00]
 [6.8006733e-32 1.0000000e+00]
 [6.7864721e-32 1.0000000e+00]
 [1.6667420e-32 1.0000000e+00]
 [1.6664878e-32 1.0000000e+00]
 [6.7979761e-32 1.0000000e+00]
 [6.7889577e-32 1.0000000e+00]
 [6.7839871e-32 1.0000000e+00]
 [6.8033722e-32 1.0000000e+00]], shape=(10, 2), dtype=float32)
---
Sb2Mg1Yb2_a2c1c2_sg164_bscaled
tf.Tensor([5.5550237e-05], shape=(1,), dtype=float32)
tf.Tensor(
[[1.1940737e-25 1.0000000e+00]
 [1.1940737e-25 1.0000000e+00]
 [1.1940692e-25 1.0000000e+00]
 [1.1940646e-25 1.0000000e+00]
 [1.8587953e-26 1.0000000e+00]
 [1.8587953e-26 1.0000000e+00]
 [1.1940737e-25 1.0000000e+00]
 [1.1940737e-25 1.0000000e+00]
 [1.1940692e-25 1.0000000e+00]
 [1.1940692e-25 1.0000000e+00]], shape=(10, 2), dtype=float32)
---
P2Zn1Ba2_a2c1c2_sg164_cscaled
tf.Tensor([0.00013328], shape=(1,), dtype=float32)
tf.Tensor(
[[1.8300725e-21 1.0000000e+00]
 [1.8266549e-21 1.0000000e+00]
 [1.8212419e-21 1.0000000e+00]
 [1.8180210e-21 1.0000000e+00]
 [1.4981263e-18 1.0000000e+00]
 [1.4981035e-18 1.0000000e+00]
 [2.3315432e-31 1.0000000e+00]
 [2.3350502e-31 1.0000000e+00]
 [2.3202042e-31 1.0000000e+00]
 [2.3236232e-31 1.0000000e+00]], shape=(10, 2), dtype=float32)
---
As2Zn2Ba1_a2c1c2_sg139_bscaled
tf.Tensor([8.837588e-07], shape=(1,), dtype=float32)
tf.Tensor(
[[9.8952639e-01 1.0473577e-02]
 [9.8952639e-01 1.0473602e-02]
 [1.0950740e-08 1.0000000e+00]
 [1.0950761e-08 1.0000000e+00]
 [1.0950761e-08 1.0000000e+00]
 [1.0950782e-08 1.0000000e+00]
 [3.2348893e-10 1.0000000e+00]
 [3.2348832e-10 1.0000000e+00]
 [3.2348771e-10 1.0000000e+00]
 [3.2348957e-10 1.0000000e+00]], shape=(10, 2), dtype=float32)
---
As2Mg1Hg2_a2c1c2_sg164_cscaled
tf.Tensor([3.431272e-05], shape=(1,), dtype=float32)
tf.Tensor(
[[1.0000000e+00 5.1386281e-25]
 [1.0000000e+00 5.1385305e-25]
 [1.0000000e+00 7.6992517e-21]
 [1.0000000e+00 7.6991346e-21]
 [1.0000000e+00 7.6991346e-21]
 [1.0000000e+00 7.6992517e-21]
 [1.0000000e+00 7.6991055e-21]
 [1.0000000e+00 7.6992517e-21]
 [1.0000000e+00 7.6993107e-21]
 [1.0000000e+00 7.6991346e-21]], shape=(10, 2), dtype=float32)
---
As2Sr1Mg2_a2c1c2_sg164_bscaled
tf.Tensor([0.00054374], shape=(1,), dtype=float32)
tf.Tensor(
[[0. 1.]
 [0. 1.]
 [0. 1.]
 [0. 1.]
 [0. 1.]
 [0. 1.]
 [0. 1.]
 [0. 1.]
 [0. 1.]
 [0. 1.]], shape=(10, 2), dtype=float32)
---
P2Ba1Ca2_a2c1c2_sg164_bscaled
tf.Tensor([0.00093835], shape=(1,), dtype=float32)
tf.Tensor(
[[0. 1.]
 [0. 1.]
 [0. 1.]
 [0. 1.]
 [0. 1.]
 [0. 1.]
 [0. 1.]
 [0. 1.]
 [0. 1.]
 [0. 1.]], shape=(10, 2), dtype=float32)
---
P2Be2Cd1_a2c1c2_sg36
tf.Tensor([0.0002723], shape=(1,), dtype=float32)
tf.Tensor(
[[1.1722230e-36 1.0000000e+00]
 [1.1722230e-36 1.0000000e+00]
 [3.3360295e-21 1.0000000e+00]
 [3.3360295e-21 1.0000000e+00]
 [2.3941460e-25 1.0000000e+00]
 [2.3941551e-25 1.0000000e+00]
 [1.6313940e-27 1.0000000e+00]
 [1.6313878e-27 1.0000000e+00]
 [0.0000000e+00 1.0000000e+00]
 [0.0000000e+00 1.0000000e+00]], shape=(10, 2), dtype=float32)
---
P2Ba1Cd2_a2c1c2_sg164_bscaled
tf.Tensor([0.00091435], shape=(1,), dtype=float32)
tf.Tensor(
[[4.5810111e-02 9.5418990e-01]
 [4.5802400e-02 9.5419765e-01]
 [9.3609851e-05 9.9990642e-01]
 [9.3654315e-05 9.9990630e-01]
 [9.3654315e-05 9.9990630e-01]
 [9.3600036e-05 9.9990642e-01]
 [2.2531761e-13 1.0000000e+00]
 [2.2542593e-13 1.0000000e+00]
 [2.2536317e-13 1.0000000e+00]
 [2.2533222e-13 1.0000000e+00]], shape=(10, 2), dtype=float32)
---
Bi2Yb2Mg1_a2c1c2_sg36
tf.Tensor([0.00036177], shape=(1,), dtype=float32)
tf.Tensor(
[[5.1786692e-08 1.0000000e+00]
 [5.1787186e-08 1.0000000e+00]
 [1.8981647e-09 1.0000000e+00]
 [1.8981721e-09 1.0000000e+00]
 [1.2503890e-09 1.0000000e+00]
 [1.2503676e-09 1.0000000e+00]
 [8.9216678e-10 1.0000000e+00]
 [8.9216168e-10 1.0000000e+00]
 [4.3338702e-08 1.0000000e+00]
 [4.3339693e-08 1.0000000e+00]], shape=(10, 2), dtype=float32)
---
P2Yb1Ca2_a2c1c2_sg164_ascaled
tf.Tensor([0.00069568], shape=(1,), dtype=float32)
tf.Tensor(
[[0. 1.]
 [0. 1.]
 [0. 1.]
 [0. 1.]
 [0. 1.]
 [0. 1.]
 [0. 1.]
 [0. 1.]
 [0. 1.]
 [0. 1.]], shape=(10, 2), dtype=float32)
---
P2Mg2Yb1_a2c1c2_sg139_ascaled
tf.Tensor([0.00027402], shape=(1,), dtype=float32)
tf.Tensor(
[[8.1571826e-32 1.0000000e+00]
 [8.1572449e-32 1.0000000e+00]
 [8.1588630e-32 1.0000000e+00]
 [8.1570580e-32 1.0000000e+00]
 [8.1573695e-32 1.0000000e+00]
 [8.1555022e-32 1.0000000e+00]
 [0.0000000e+00 1.0000000e+00]
 [0.0000000e+00 1.0000000e+00]
 [0.0000000e+00 1.0000000e+00]
 [0.0000000e+00 1.0000000e+00]], shape=(10, 2), dtype=float32)
---
P2Ca2Zn1_a2c1c2_sg36
tf.Tensor([0.00029183], shape=(1,), dtype=float32)
tf.Tensor(
[[0.0000000e+00 1.0000000e+00]
 [0.0000000e+00 1.0000000e+00]
 [3.3250363e-38 1.0000000e+00]
 [3.3250363e-38 1.0000000e+00]
 [0.0000000e+00 1.0000000e+00]
 [0.0000000e+00 1.0000000e+00]
 [0.0000000e+00 1.0000000e+00]
 [0.0000000e+00 1.0000000e+00]
 [0.0000000e+00 1.0000000e+00]
 [0.0000000e+00 1.0000000e+00]], shape=(10, 2), dtype=float32)
---
As2Zn2Hg1_a2c1c2_sg36
tf.Tensor([0.00025512], shape=(1,), dtype=float32)
tf.Tensor(
[[1.0000000e+00 9.0225878e-35]
 [1.0000000e+00 9.0232760e-35]
 [1.0000000e+00 7.6491300e-37]
 [1.0000000e+00 7.6481381e-37]
 [1.0000000e+00 1.6219190e-34]
 [1.0000000e+00 1.6213498e-34]
 [1.0000000e+00 3.7665565e-36]
 [1.0000000e+00 3.7668725e-36]
 [1.0000000e+00 5.9951084e-36]
 [1.0000000e+00 5.9962979e-36]], shape=(10, 2), dtype=float32)
---
Sb2Hg2Be1_a2c1c2_sg139_ascaled
tf.Tensor([0.00015376], shape=(1,), dtype=float32)
tf.Tensor(
[[1.0000000e+00 4.8657283e-11]
 [1.0000000e+00 4.8657283e-11]
 [1.0000000e+00 0.0000000e+00]
 [1.0000000e+00 0.0000000e+00]
 [1.0000000e+00 0.0000000e+00]
 [1.0000000e+00 0.0000000e+00]
 [1.0000000e+00 1.1222934e-25]
 [1.0000000e+00 1.1222934e-25]
 [1.0000000e+00 1.1223662e-25]
 [1.0000000e+00 1.1223662e-25]], shape=(10, 2), dtype=float32)
---
P2Hg2Ba1_a2c1c2_sg139_ascaled
tf.Tensor([2.7637412e-07], shape=(1,), dtype=float32)
tf.Tensor(
[[9.78702843e-01 2.12971382e-02]
 [9.78702843e-01 2.12971289e-02]
 [9.99565184e-01 4.34789399e-04]
 [9.99565184e-01 4.34790010e-04]
 [9.99565184e-01 4.34830668e-04]
 [9.99565184e-01 4.34831512e-04]
 [9.88397658e-01 1.16023310e-02]
 [9.88397658e-01 1.16023421e-02]
 [9.88393784e-01 1.16062425e-02]
 [9.88393784e-01 1.16062146e-02]], shape=(10, 2), dtype=float32)
---
Bi2Sr2Ba1_a2c1c2_sg139_cscaled
tf.Tensor([3.1371906e-06], shape=(1,), dtype=float32)
tf.Tensor(
[[1.6050556e-14 1.0000000e+00]
 [1.6050280e-14 1.0000000e+00]
 [7.9850789e-17 1.0000000e+00]
 [7.9850180e-17 1.0000000e+00]
 [7.9778321e-17 1.0000000e+00]
 [7.9777712e-17 1.0000000e+00]
 [3.1652999e-16 1.0000000e+00]
 [3.1643462e-16 1.0000000e+00]
 [3.1620415e-16 1.0000000e+00]
 [3.1629947e-16 1.0000000e+00]], shape=(10, 2), dtype=float32)
---
Sb2Ca2Hg1_a2c1c2_sg139_ascaled
tf.Tensor([0.00010831], shape=(1,), dtype=float32)
tf.Tensor(
[[4.2997345e-02 9.5700270e-01]
 [4.2997248e-02 9.5700282e-01]
 [4.2996753e-02 9.5700324e-01]
 [4.2996831e-02 9.5700312e-01]
 [7.8038429e-20 1.0000000e+00]
 [7.8038132e-20 1.0000000e+00]
 [9.9997330e-01 2.6753920e-05]
 [9.9997330e-01 2.6753971e-05]
 [9.9997330e-01 2.6754302e-05]
 [9.9997330e-01 2.6754327e-05]], shape=(10, 2), dtype=float32)
---
As2Hg2Sr1_a2c1c2_sg36
tf.Tensor([0.00021909], shape=(1,), dtype=float32)
tf.Tensor(
[[1.0000000e+00 1.3051660e-31]
 [1.0000000e+00 1.3051660e-31]
 [1.0000000e+00 1.0502231e-17]
 [1.0000000e+00 1.0502310e-17]
 [1.0000000e+00 9.3007650e-19]
 [1.0000000e+00 9.3007650e-19]
 [1.0000000e+00 4.1830675e-24]
 [1.0000000e+00 4.1830675e-24]
 [1.0000000e+00 5.3636453e-26]
 [1.0000000e+00 5.3636859e-26]], shape=(10, 2), dtype=float32)
---
As2Zn2Ba1_a2c1c2_sg139_ascaled
tf.Tensor([1.0094138e-06], shape=(1,), dtype=float32)
tf.Tensor(
[[9.8965353e-01 1.0346446e-02]
 [9.8965353e-01 1.0346446e-02]
 [1.1039786e-08 1.0000000e+00]
 [1.1039849e-08 1.0000000e+00]
 [1.1039807e-08 1.0000000e+00]
 [1.1039743e-08 1.0000000e+00]
 [3.2668343e-10 1.0000000e+00]
 [3.2666972e-10 1.0000000e+00]
 [3.2668093e-10 1.0000000e+00]
 [3.2666597e-10 1.0000000e+00]], shape=(10, 2), dtype=float32)
---
P2Mg3Mg3_a2c1c2_sg164_ascaled
tf.Tensor([0.00023309], shape=(1,), dtype=float32)
tf.Tensor(
[[1.9056404e-36 1.0000000e+00]
 [1.8362570e-33 1.0000000e+00]
 [1.8362570e-33 1.0000000e+00]
 [1.9056113e-36 1.0000000e+00]
 [1.8362291e-33 1.0000000e+00]
 [1.8362291e-33 1.0000000e+00]
 [1.8362570e-33 1.0000000e+00]
 [1.8362570e-33 1.0000000e+00]
 [1.8362430e-33 1.0000000e+00]
 [1.8362570e-33 1.0000000e+00]], shape=(10, 2), dtype=float32)
---
Sb2Ca2Yb1_a2c1c2_sg36
tf.Tensor([0.00027299], shape=(1,), dtype=float32)
tf.Tensor(
[[0. 1.]
 [0. 1.]
 [0. 1.]
 [0. 1.]
 [0. 1.]
 [0. 1.]
 [0. 1.]
 [0. 1.]
 [0. 1.]
 [0. 1.]], shape=(10, 2), dtype=float32)
---
P2Zn2Hg1_a2c1c2_sg139_cscaled
tf.Tensor([0.0001845], shape=(1,), dtype=float32)
tf.Tensor(
[[1.0000000e+00 3.1685029e-15]
 [1.0000000e+00 3.1684184e-15]
 [1.0000000e+00 3.1633583e-15]
 [1.0000000e+00 3.1633462e-15]
 [1.0000000e+00 8.0712261e-17]
 [1.0000000e+00 8.0703023e-17]
 [1.0000000e+00 2.2509590e-21]
 [1.0000000e+00 2.2510363e-21]
 [1.0000000e+00 2.2486075e-21]
 [1.0000000e+00 2.2486933e-21]], shape=(10, 2), dtype=float32)
---
P2Zn1Cd2_a2c1c2_sg164_bscaled
tf.Tensor([0.00073869], shape=(1,), dtype=float32)
tf.Tensor(
[[1.0000000e+00 3.2563582e-25]
 [1.0000000e+00 3.2563582e-25]
 [1.0000000e+00 2.2918210e-28]
 [1.0000000e+00 2.2918034e-28]
 [1.0000000e+00 2.2921357e-28]
 [1.0000000e+00 2.2921532e-28]
 [1.0000000e+00 4.0326345e-24]
 [1.0000000e+00 4.0326345e-24]
 [1.0000000e+00 4.0326345e-24]
 [1.0000000e+00 4.0326652e-24]], shape=(10, 2), dtype=float32)
---
P2Hg2Be1_a2c1c2_sg139_bscaled
tf.Tensor([6.669646e-05], shape=(1,), dtype=float32)
tf.Tensor(
[[8.80688023e-15 1.00000000e+00]
 [8.80688023e-15 1.00000000e+00]
 [1.00000000e+00 1.32593809e-14]
 [1.00000000e+00 1.32593555e-14]
 [1.00000000e+00 1.32593809e-14]
 [1.00000000e+00 1.32593809e-14]
 [2.83437235e-15 1.00000000e+00]
 [2.83437235e-15 1.00000000e+00]
 [2.83436155e-15 1.00000000e+00]
 [2.83436155e-15 1.00000000e+00]], shape=(10, 2), dtype=float32)
---
