Bi2Mg3Mg3_a2c1c2_sg139_ascaled
tf.Tensor([1.4210855e-08], shape=(1,), dtype=float32)
tf.Tensor(
[[1. 0.]
 [1. 0.]
 [1. 0.]
 [1. 0.]
 [1. 0.]
 [1. 0.]
 [1. 0.]
 [1. 0.]
 [1. 0.]
 [1. 0.]], shape=(10, 2), dtype=float32)
---
Bi2Mn2Cd1_a2c1c2_sg36
tf.Tensor([0.00012557], shape=(1,), dtype=float32)
tf.Tensor(
[[1.0000000e+00 3.2032256e-29]
 [1.0000000e+00 1.6269238e-29]
 [1.0000000e+00 2.6337332e-31]
 [1.0000000e+00 3.7845551e-31]
 [1.0000000e+00 1.5900108e-31]
 [1.0000000e+00 2.3207176e-31]
 [1.0000000e+00 1.5582939e-31]
 [1.0000000e+00 2.3679525e-31]
 [1.0000000e+00 5.5637209e-29]
 [1.0000000e+00 6.4565899e-29]], shape=(10, 2), dtype=float32)
---
Sb2Zn2Sr1_a2c1c2_sg36
tf.Tensor([0.00062095], shape=(1,), dtype=float32)
tf.Tensor(
[[1.0000000e+00 2.0312906e-23]
 [1.0000000e+00 2.0312750e-23]
 [1.0000000e+00 2.1741288e-27]
 [1.0000000e+00 2.1741288e-27]
 [1.0000000e+00 3.4960153e-25]
 [1.0000000e+00 3.4960420e-25]
 [1.0000000e+00 8.4890329e-22]
 [1.0000000e+00 8.4889683e-22]
 [1.0000000e+00 2.5933020e-27]
 [1.0000000e+00 2.5933020e-27]], shape=(10, 2), dtype=float32)
---
Sb2Cd2Be1_a2c1c2_sg139_bscaled
tf.Tensor([1.0684522e-07], shape=(1,), dtype=float32)
tf.Tensor(
[[1.0000000e+00 1.0788634e-31]
 [1.0000000e+00 1.0788634e-31]
 [1.0000000e+00 2.7838028e-32]
 [1.0000000e+00 2.7838028e-32]
 [1.0000000e+00 2.7837816e-32]
 [1.0000000e+00 2.7837816e-32]
 [1.0000000e+00 1.3113743e-31]
 [1.0000000e+00 1.3113743e-31]
 [1.0000000e+00 1.3113743e-31]
 [1.0000000e+00 1.3113743e-31]], shape=(10, 2), dtype=float32)
---
Bi2Cd2Zn1_a2c1c2_sg139_cscaled
tf.Tensor([0.00048663], shape=(1,), dtype=float32)
tf.Tensor(
[[1.0000000e+00 4.1687685e-21]
 [1.0000000e+00 4.1697706e-21]
 [1.0000000e+00 9.5983736e-21]
 [1.0000000e+00 9.5980069e-21]
 [1.0000000e+00 9.5960302e-21]
 [1.0000000e+00 9.5963961e-21]
 [1.0000000e+00 6.1069186e-21]
 [1.0000000e+00 6.1059403e-21]
 [1.0000000e+00 6.1047989e-21]
 [1.0000000e+00 6.1058006e-21]], shape=(10, 2), dtype=float32)
---
Sb2Mg2Be1_a2c1c2_sg139_ascaled
tf.Tensor([6.334391e-05], shape=(1,), dtype=float32)
tf.Tensor(
[[1.0000000e+00 8.4837133e-17]
 [1.0000000e+00 8.4981267e-17]
 [1.0000000e+00 8.7156557e-19]
 [1.0000000e+00 8.7129633e-19]
 [1.0000000e+00 9.5125092e-18]
 [1.0000000e+00 9.5248549e-18]
 [1.0000000e+00 6.6292603e-18]
 [1.0000000e+00 6.6289315e-18]
 [1.0000000e+00 1.1162308e-17]
 [1.0000000e+00 1.1161285e-17]], shape=(10, 2), dtype=float32)
---
Sb2Be3Be3_a2c1c2_sg164_cscaled
tf.Tensor([0.00099322], shape=(1,), dtype=float32)
tf.Tensor(
[[1.0000000e+00 2.9469733e-14]
 [1.0000000e+00 2.7099343e-13]
 [1.0000000e+00 2.7099189e-13]
 [1.0000000e+00 2.9469452e-14]
 [1.0000000e+00 2.7099240e-13]
 [1.0000000e+00 2.7099343e-13]
 [1.0000000e+00 1.4485769e-13]
 [1.0000000e+00 1.4486018e-13]
 [1.0000000e+00 1.4486018e-13]
 [1.0000000e+00 1.4485769e-13]], shape=(10, 2), dtype=float32)
---
Sb2Cd2Hg1_a2c1c2_sg139_cscaled
tf.Tensor([0.0002959], shape=(1,), dtype=float32)
tf.Tensor(
[[1.0000000e+00 2.4272118e-27]
 [1.0000000e+00 2.4272118e-27]
 [1.0000000e+00 2.4269710e-27]
 [1.0000000e+00 2.4269618e-27]
 [1.0000000e+00 1.4073230e-24]
 [1.0000000e+00 1.4065233e-24]
 [1.0000000e+00 2.4738759e-27]
 [1.0000000e+00 2.4769637e-27]
 [1.0000000e+00 2.4766993e-27]
 [1.0000000e+00 2.4736211e-27]], shape=(10, 2), dtype=float32)
---
As2Zn2Ba1_a2c1c2_sg139_ascaled
tf.Tensor([6.4078486e-05], shape=(1,), dtype=float32)
tf.Tensor(
[[1.0000000e+00 7.3102493e-29]
 [1.0000000e+00 7.3102493e-29]
 [1.0000000e+00 4.1503404e-24]
 [1.0000000e+00 4.1503720e-24]
 [1.0000000e+00 4.1503720e-24]
 [1.0000000e+00 4.1503562e-24]
 [1.0000000e+00 1.0918512e-24]
 [1.0000000e+00 1.0918220e-24]
 [1.0000000e+00 1.0918471e-24]
 [1.0000000e+00 1.0918304e-24]], shape=(10, 2), dtype=float32)
---
Bi2Cd1Ba2_a2c1c2_sg164_cscaled
tf.Tensor([5.182974e-05], shape=(1,), dtype=float32)
tf.Tensor(
[[1.0000000e+00 7.2795610e-20]
 [1.0000000e+00 7.2795610e-20]
 [1.0000000e+00 7.2795332e-20]
 [1.0000000e+00 7.2795332e-20]
 [1.0000000e+00 3.0585346e-21]
 [1.0000000e+00 3.0585581e-21]
 [1.0000000e+00 7.2795888e-20]
 [1.0000000e+00 7.2795610e-20]
 [1.0000000e+00 7.2795610e-20]
 [1.0000000e+00 7.2795610e-20]], shape=(10, 2), dtype=float32)
---
As2Cd2Hg1_a2c1c2_sg36
tf.Tensor([0.00051564], shape=(1,), dtype=float32)
tf.Tensor(
[[1.00000000e+00 1.74624574e-38]
 [1.00000000e+00 1.74605908e-38]
 [1.00000000e+00 1.24571326e-36]
 [1.00000000e+00 1.24590330e-36]
 [1.00000000e+00 5.87262707e-37]
 [1.00000000e+00 5.87267191e-37]
 [1.00000000e+00 1.45419903e-36]
 [1.00000000e+00 1.45397715e-36]
 [1.00000000e+00 6.67741531e-38]
 [1.00000000e+00 6.67726229e-38]], shape=(10, 2), dtype=float32)
---
Bi2Mn2Sr1_a2c1c2_sg139_bscaled
tf.Tensor([0.00017272], shape=(1,), dtype=float32)
tf.Tensor(
[[1.0000000e+00 1.2155065e-28]
 [1.0000000e+00 1.2154880e-28]
 [1.0000000e+00 0.0000000e+00]
 [1.0000000e+00 0.0000000e+00]
 [1.0000000e+00 0.0000000e+00]
 [1.0000000e+00 0.0000000e+00]
 [1.0000000e+00 0.0000000e+00]
 [1.0000000e+00 0.0000000e+00]
 [1.0000000e+00 0.0000000e+00]
 [1.0000000e+00 0.0000000e+00]], shape=(10, 2), dtype=float32)
---
Bi2Mn1Mg2_a2c1c2_sg164_cscaled
tf.Tensor([0.00016709], shape=(1,), dtype=float32)
tf.Tensor(
[[1.00000000e+00 1.19175311e-17]
 [1.00000000e+00 1.19156219e-17]
 [1.00000000e+00 1.19156674e-17]
 [1.00000000e+00 1.19175311e-17]
 [1.00000000e+00 6.50108830e-18]
 [1.00000000e+00 6.49836108e-18]
 [1.00000000e+00 1.19145764e-17]
 [1.00000000e+00 1.19185319e-17]
 [1.00000000e+00 1.19185774e-17]
 [1.00000000e+00 1.19146219e-17]], shape=(10, 2), dtype=float32)
---
Bi2Be1Mg2_a2c1c2_sg164_bscaled
tf.Tensor([0.00020279], shape=(1,), dtype=float32)
tf.Tensor(
[[1.0000000e+00 4.0821533e-21]
 [1.0000000e+00 4.0833993e-21]
 [1.0000000e+00 4.0820285e-21]
 [1.0000000e+00 4.0832745e-21]
 [1.0000000e+00 1.1720079e-22]
 [1.0000000e+00 1.1720079e-22]
 [1.0000000e+00 5.2836259e-21]
 [1.0000000e+00 5.2878199e-21]
 [1.0000000e+00 5.2837470e-21]
 [1.0000000e+00 5.2879209e-21]], shape=(10, 2), dtype=float32)
---
Sb2Mg1Mn2_a2c1c2_sg164_ascaled
tf.Tensor([0.00052031], shape=(1,), dtype=float32)
tf.Tensor(
[[1.0000000e+00 1.2971066e-29]
 [1.0000000e+00 1.2961569e-29]
 [1.0000000e+00 8.2422532e-34]
 [1.0000000e+00 8.2453977e-34]
 [1.0000000e+00 8.2583667e-34]
 [1.0000000e+00 8.2550285e-34]
 [1.0000000e+00 3.9813378e-31]
 [1.0000000e+00 3.9818240e-31]
 [1.0000000e+00 3.9879046e-31]
 [1.0000000e+00 3.9853189e-31]], shape=(10, 2), dtype=float32)
---
Sb2Ba2Zn1_a2c1c2_sg139_cscaled
tf.Tensor([0.00042075], shape=(1,), dtype=float32)
tf.Tensor(
[[1.0000000e+00 1.7813689e-28]
 [1.0000000e+00 1.7813894e-28]
 [1.0000000e+00 1.7811923e-28]
 [1.0000000e+00 1.7811855e-28]
 [1.0000000e+00 2.6213853e-23]
 [1.0000000e+00 2.6214152e-23]
 [1.0000000e+00 6.8339563e-26]
 [1.0000000e+00 6.8338780e-26]
 [1.0000000e+00 6.8326793e-26]
 [1.0000000e+00 6.8327834e-26]], shape=(10, 2), dtype=float32)
---
Sb2Ba2Be1_a2c1c2_sg139_bscaled
tf.Tensor([0.00067718], shape=(1,), dtype=float32)
tf.Tensor(
[[1.0000000e+00 2.5026082e-34]
 [1.0000000e+00 2.5025891e-34]
 [1.0000000e+00 2.5034101e-34]
 [1.0000000e+00 2.5033911e-34]
 [1.0000000e+00 1.4900444e-33]
 [1.0000000e+00 1.4900444e-33]
 [1.0000000e+00 6.5349779e-33]
 [1.0000000e+00 6.5350778e-33]
 [1.0000000e+00 6.5352769e-33]
 [1.0000000e+00 6.5353768e-33]], shape=(10, 2), dtype=float32)
---
Sb2Mg2Cd1_a2c1c2_sg36
tf.Tensor([0.0002949], shape=(1,), dtype=float32)
tf.Tensor(
[[1.0000000e+00 6.0999570e-21]
 [1.0000000e+00 6.0999570e-21]
 [1.0000000e+00 5.4070642e-22]
 [1.0000000e+00 5.4070642e-22]
 [1.0000000e+00 2.9208704e-20]
 [1.0000000e+00 2.9208591e-20]
 [1.0000000e+00 2.1195956e-21]
 [1.0000000e+00 2.1195956e-21]
 [1.0000000e+00 8.2775035e-21]
 [1.0000000e+00 8.2775035e-21]], shape=(10, 2), dtype=float32)
---
As2Ba2Cd1_a2c1c2_sg36
tf.Tensor([0.00073244], shape=(1,), dtype=float32)
tf.Tensor(
[[1.0000000e+00 1.2202732e-28]
 [1.0000000e+00 1.2202639e-28]
 [1.0000000e+00 5.7600434e-32]
 [1.0000000e+00 5.7600434e-32]
 [1.0000000e+00 4.9496466e-29]
 [1.0000000e+00 4.9496087e-29]
 [1.0000000e+00 9.1121824e-33]
 [1.0000000e+00 9.1121824e-33]
 [1.0000000e+00 2.7392673e-30]
 [1.0000000e+00 2.7392045e-30]], shape=(10, 2), dtype=float32)
---
Bi2Mn2Yb1_a2c1c2_sg36
tf.Tensor([9.2493014e-05], shape=(1,), dtype=float32)
tf.Tensor(
[[1.0000000e+00 0.0000000e+00]
 [1.0000000e+00 0.0000000e+00]
 [1.0000000e+00 3.9918406e-34]
 [1.0000000e+00 3.8122969e-34]
 [1.0000000e+00 2.3761616e-37]
 [1.0000000e+00 2.3319808e-37]
 [1.0000000e+00 0.0000000e+00]
 [1.0000000e+00 0.0000000e+00]
 [1.0000000e+00 2.0168570e-33]
 [1.0000000e+00 2.0956959e-33]], shape=(10, 2), dtype=float32)
---
Sb2Mn2Mg1_a2c1c2_sg139_cscaled
tf.Tensor([3.2171334e-05], shape=(1,), dtype=float32)
tf.Tensor(
[[1.0000000e+00 5.5275519e-12]
 [1.0000000e+00 5.5269721e-12]
 [1.0000000e+00 6.2787613e-24]
 [1.0000000e+00 6.2787613e-24]
 [1.0000000e+00 6.2809894e-24]
 [1.0000000e+00 6.2809894e-24]
 [1.0000000e+00 1.0582426e-16]
 [1.0000000e+00 1.0583274e-16]
 [1.0000000e+00 1.0584000e-16]
 [1.0000000e+00 1.0583314e-16]], shape=(10, 2), dtype=float32)
---
As2Cd2Zn1_a2c1c2_sg139_ascaled
tf.Tensor([0.00093358], shape=(1,), dtype=float32)
tf.Tensor(
[[1. 0.]
 [1. 0.]
 [1. 0.]
 [1. 0.]
 [1. 0.]
 [1. 0.]
 [1. 0.]
 [1. 0.]
 [1. 0.]
 [1. 0.]], shape=(10, 2), dtype=float32)
---
Bi2Ca2Sr1_a2c1c2_sg139_bscaled
tf.Tensor([0.0007481], shape=(1,), dtype=float32)
tf.Tensor(
[[1.0000000e+00 0.0000000e+00]
 [1.0000000e+00 0.0000000e+00]
 [1.0000000e+00 5.0014198e-38]
 [1.0000000e+00 5.0013816e-38]
 [1.0000000e+00 5.0013435e-38]
 [1.0000000e+00 5.0013816e-38]
 [1.0000000e+00 0.0000000e+00]
 [1.0000000e+00 0.0000000e+00]
 [1.0000000e+00 0.0000000e+00]
 [1.0000000e+00 0.0000000e+00]], shape=(10, 2), dtype=float32)
---
Sb2Sr1Mn2_a2c1c2_sg164_cscaled
tf.Tensor([5.962039e-05], shape=(1,), dtype=float32)
tf.Tensor(
[[1.0000000e+00 1.9492309e-11]
 [1.0000000e+00 1.9512284e-11]
 [1.0000000e+00 3.2493794e-28]
 [1.0000000e+00 3.2496644e-28]
 [1.0000000e+00 3.2418021e-28]
 [1.0000000e+00 3.2406771e-28]
 [1.0000000e+00 1.7863106e-19]
 [1.0000000e+00 1.7859087e-19]
 [1.0000000e+00 1.7824783e-19]
 [1.0000000e+00 1.7853773e-19]], shape=(10, 2), dtype=float32)
---
Sb2Be2Zn1_a2c1c2_sg139_bscaled
tf.Tensor([4.0665895e-05], shape=(1,), dtype=float32)
tf.Tensor(
[[1.0000000e+00 1.7633102e-21]
 [1.0000000e+00 1.7633102e-21]
 [1.0000000e+00 1.7633102e-21]
 [1.0000000e+00 1.7633102e-21]
 [1.0000000e+00 6.5954749e-21]
 [1.0000000e+00 6.5954249e-21]
 [1.0000000e+00 1.7351525e-20]
 [1.0000000e+00 1.7351459e-20]
 [1.0000000e+00 1.7351459e-20]
 [1.0000000e+00 1.7351459e-20]], shape=(10, 2), dtype=float32)
---
As2Mg1Cd2_a2c1c2_sg164_bscaled
tf.Tensor([0.00012715], shape=(1,), dtype=float32)
tf.Tensor(
[[1.0000000e+00 1.6336354e-35]
 [1.0000000e+00 1.6336479e-35]
 [1.0000000e+00 4.5984425e-32]
 [1.0000000e+00 4.5984075e-32]
 [1.0000000e+00 4.5984075e-32]
 [1.0000000e+00 4.5984425e-32]
 [1.0000000e+00 4.5984075e-32]
 [1.0000000e+00 4.5984075e-32]
 [1.0000000e+00 4.5984075e-32]
 [1.0000000e+00 4.5984425e-32]], shape=(10, 2), dtype=float32)
---
Bi2Be2Mg1_a2c1c2_sg139_bscaled
tf.Tensor([8.1848775e-05], shape=(1,), dtype=float32)
tf.Tensor(
[[1.0000000e+00 9.4903202e-27]
 [1.0000000e+00 9.4903202e-27]
 [1.0000000e+00 2.2072463e-27]
 [1.0000000e+00 2.2072463e-27]
 [1.0000000e+00 2.2072463e-27]
 [1.0000000e+00 2.2072463e-27]
 [1.0000000e+00 7.0435339e-23]
 [1.0000000e+00 7.0435339e-23]
 [1.0000000e+00 7.0435611e-23]
 [1.0000000e+00 7.0435876e-23]], shape=(10, 2), dtype=float32)
---
Sb2Mn2Cd1_a2c1c2_sg36
tf.Tensor([0.00082882], shape=(1,), dtype=float32)
tf.Tensor(
[[1.0000000e+00 3.4026948e-22]
 [1.0000000e+00 3.4115329e-22]
 [1.0000000e+00 2.2608065e-26]
 [1.0000000e+00 2.2598407e-26]
 [1.0000000e+00 1.6963691e-26]
 [1.0000000e+00 1.6935241e-26]
 [1.0000000e+00 1.6969645e-26]
 [1.0000000e+00 1.6929299e-26]
 [1.0000000e+00 2.3790391e-20]
 [1.0000000e+00 2.3779140e-20]], shape=(10, 2), dtype=float32)
---
Bi2Mg2Mn1_a2c1c2_sg139_ascaled
tf.Tensor([0.00034259], shape=(1,), dtype=float32)
tf.Tensor(
[[1.0000000e+00 2.2958923e-26]
 [1.0000000e+00 2.2978461e-26]
 [1.0000000e+00 2.2958310e-26]
 [1.0000000e+00 2.2934151e-26]
 [1.0000000e+00 3.2097658e-24]
 [1.0000000e+00 3.2143607e-24]
 [1.0000000e+00 2.2137561e-27]
 [1.0000000e+00 2.2155218e-27]
 [1.0000000e+00 2.2124896e-27]
 [1.0000000e+00 2.2106760e-27]], shape=(10, 2), dtype=float32)
---
Sb2Ca1Zn2_a2c1c2_sg164_bscaled
tf.Tensor([0.00037611], shape=(1,), dtype=float32)
tf.Tensor(
[[1.0000000e+00 3.3278627e-25]
 [1.0000000e+00 3.3277360e-25]
 [1.0000000e+00 6.6872007e-24]
 [1.0000000e+00 6.6845478e-24]
 [1.0000000e+00 6.6869964e-24]
 [1.0000000e+00 6.6842425e-24]
 [1.0000000e+00 1.9354865e-22]
 [1.0000000e+00 1.9357376e-22]
 [1.0000000e+00 1.9354422e-22]
 [1.0000000e+00 1.9356047e-22]], shape=(10, 2), dtype=float32)
---
Sb2Mg1Be2_a2c1c2_sg164_ascaled
tf.Tensor([0.00083149], shape=(1,), dtype=float32)
tf.Tensor(
[[1.0000000e+00 2.0856551e-18]
 [1.0000000e+00 2.0856551e-18]
 [1.0000000e+00 6.0499136e-17]
 [1.0000000e+00 6.0499136e-17]
 [1.0000000e+00 6.0499136e-17]
 [1.0000000e+00 6.0499136e-17]
 [1.0000000e+00 2.4541684e-17]
 [1.0000000e+00 2.4541684e-17]
 [1.0000000e+00 2.4541590e-17]
 [1.0000000e+00 2.4541590e-17]], shape=(10, 2), dtype=float32)
---
Bi2Hg2Zn1_a2c1c2_sg139_cscaled
tf.Tensor([1.0446893e-06], shape=(1,), dtype=float32)
tf.Tensor(
[[1.0000000e+00 5.7027044e-29]
 [1.0000000e+00 5.7067958e-29]
 [1.0000000e+00 6.4299335e-33]
 [1.0000000e+00 6.4265003e-33]
 [1.0000000e+00 6.4259119e-33]
 [1.0000000e+00 6.4293935e-33]
 [1.0000000e+00 2.3798803e-30]
 [1.0000000e+00 2.3775028e-30]
 [1.0000000e+00 2.3773215e-30]
 [1.0000000e+00 2.3796623e-30]], shape=(10, 2), dtype=float32)
---
As2Mg2Hg1_a2c1c2_sg139_bscaled
tf.Tensor([0.00062377], shape=(1,), dtype=float32)
tf.Tensor(
[[1.0000000e+00 3.8087408e-24]
 [1.0000000e+00 3.8087262e-24]
 [1.0000000e+00 3.8087262e-24]
 [1.0000000e+00 3.8087408e-24]
 [1.0000000e+00 6.5732344e-17]
 [1.0000000e+00 6.5732093e-17]
 [1.0000000e+00 1.4738367e-26]
 [1.0000000e+00 1.4738367e-26]
 [1.0000000e+00 1.4738311e-26]
 [1.0000000e+00 1.4738311e-26]], shape=(10, 2), dtype=float32)
---
Bi2Zn2Sr1_a2c1c2_sg139_ascaled
tf.Tensor([0.00028463], shape=(1,), dtype=float32)
tf.Tensor(
[[1.0000000e+00 0.0000000e+00]
 [1.0000000e+00 0.0000000e+00]
 [1.0000000e+00 6.5867568e-34]
 [1.0000000e+00 6.5856515e-34]
 [1.0000000e+00 6.5855005e-34]
 [1.0000000e+00 6.5865557e-34]
 [1.0000000e+00 5.6492561e-33]
 [1.0000000e+00 5.6480494e-33]
 [1.0000000e+00 5.6478768e-33]
 [1.0000000e+00 5.6489975e-33]], shape=(10, 2), dtype=float32)
---
Sb2Be3Be3_a2c1c2_sg164_ascaled
tf.Tensor([0.00072129], shape=(1,), dtype=float32)
tf.Tensor(
[[1.0000000e+00 6.4371539e-24]
 [1.0000000e+00 1.1141695e-21]
 [1.0000000e+00 1.1141737e-21]
 [1.0000000e+00 6.4371539e-24]
 [1.0000000e+00 1.1141737e-21]
 [1.0000000e+00 1.1141695e-21]
 [1.0000000e+00 5.1140328e-23]
 [1.0000000e+00 5.1140328e-23]
 [1.0000000e+00 5.1140328e-23]
 [1.0000000e+00 5.1140328e-23]], shape=(10, 2), dtype=float32)
---
As2Mn2Cd1_a2c1c2_sg36
tf.Tensor([0.0004291], shape=(1,), dtype=float32)
tf.Tensor(
[[1.000000e+00 9.431908e-38]
 [1.000000e+00 9.605616e-38]
 [1.000000e+00 0.000000e+00]
 [1.000000e+00 0.000000e+00]
 [1.000000e+00 0.000000e+00]
 [1.000000e+00 0.000000e+00]
 [1.000000e+00 0.000000e+00]
 [1.000000e+00 0.000000e+00]
 [1.000000e+00 3.158649e-34]
 [1.000000e+00 3.169246e-34]], shape=(10, 2), dtype=float32)
---
Sb2Ba2Zn1_a2c1c2_sg36
tf.Tensor([0.00015449], shape=(1,), dtype=float32)
tf.Tensor(
[[1.0000000e+00 1.8469842e-26]
 [1.0000000e+00 1.8470335e-26]
 [1.0000000e+00 3.0853136e-27]
 [1.0000000e+00 3.0853371e-27]
 [1.0000000e+00 1.5957152e-25]
 [1.0000000e+00 1.5957517e-25]
 [1.0000000e+00 5.3887212e-28]
 [1.0000000e+00 5.3886595e-28]
 [1.0000000e+00 2.7475103e-25]
 [1.0000000e+00 2.7474265e-25]], shape=(10, 2), dtype=float32)
---
Sb2Sr2Ba1_a2c1c2_sg36
tf.Tensor([0.0006631], shape=(1,), dtype=float32)
tf.Tensor(
[[1.0000000e+00 1.9811438e-29]
 [1.0000000e+00 1.9811438e-29]
 [1.0000000e+00 2.7124719e-29]
 [1.0000000e+00 2.7126170e-29]
 [1.0000000e+00 1.9807100e-32]
 [1.0000000e+00 1.9807100e-32]
 [1.0000000e+00 4.0443526e-34]
 [1.0000000e+00 4.0441983e-34]
 [1.0000000e+00 7.2867992e-31]
 [1.0000000e+00 7.2870216e-31]], shape=(10, 2), dtype=float32)
---
Bi2Hg1Ca2_a2c1c2_sg164_cscaled
tf.Tensor([1.7902576e-06], shape=(1,), dtype=float32)
tf.Tensor(
[[1.0000000e+00 5.6668199e-20]
 [1.0000000e+00 5.6667979e-20]
 [1.0000000e+00 5.6667979e-20]
 [1.0000000e+00 5.6668412e-20]
 [1.0000000e+00 1.0598367e-19]
 [1.0000000e+00 1.0598327e-19]
 [1.0000000e+00 5.6668199e-20]
 [1.0000000e+00 5.6667979e-20]
 [1.0000000e+00 5.6668199e-20]
 [1.0000000e+00 5.6668412e-20]], shape=(10, 2), dtype=float32)
---
Sb2Sr3Sr3_a2c1c2_sg36
tf.Tensor([0.00022705], shape=(1,), dtype=float32)
tf.Tensor(
[[1.0000000e+00 9.3564845e-28]
 [1.0000000e+00 9.3572703e-28]
 [1.0000000e+00 2.8902740e-31]
 [1.0000000e+00 2.8904503e-31]
 [1.0000000e+00 6.9729382e-28]
 [1.0000000e+00 6.9715284e-28]
 [1.0000000e+00 5.2572038e-30]
 [1.0000000e+00 5.2572038e-30]
 [1.0000000e+00 1.9363910e-26]
 [1.0000000e+00 1.9366717e-26]], shape=(10, 2), dtype=float32)
---
Sb2Yb1Mn2_a2c1c2_sg164_ascaled
tf.Tensor([0.00029303], shape=(1,), dtype=float32)
tf.Tensor(
[[1.0000000e+00 1.7997463e-24]
 [1.0000000e+00 1.7997189e-24]
 [1.0000000e+00 0.0000000e+00]
 [1.0000000e+00 0.0000000e+00]
 [1.0000000e+00 0.0000000e+00]
 [1.0000000e+00 0.0000000e+00]
 [1.0000000e+00 2.2225618e-37]
 [1.0000000e+00 2.2218159e-37]
 [1.0000000e+00 5.9650875e-36]
 [1.0000000e+00 5.9632676e-36]], shape=(10, 2), dtype=float32)
---
Bi2Sr2Ba1_a2c1c2_sg139_bscaled
tf.Tensor([0.00019939], shape=(1,), dtype=float32)
tf.Tensor(
[[1. 0.]
 [1. 0.]
 [1. 0.]
 [1. 0.]
 [1. 0.]
 [1. 0.]
 [1. 0.]
 [1. 0.]
 [1. 0.]
 [1. 0.]], shape=(10, 2), dtype=float32)
---
As2Mg2Hg1_a2c1c2_sg139_ascaled
tf.Tensor([0.00062384], shape=(1,), dtype=float32)
tf.Tensor(
[[1.0000000e+00 3.8094235e-24]
 [1.0000000e+00 3.8094235e-24]
 [1.0000000e+00 3.8094089e-24]
 [1.0000000e+00 3.8094235e-24]
 [1.0000000e+00 6.5741873e-17]
 [1.0000000e+00 6.5742125e-17]
 [1.0000000e+00 1.4741179e-26]
 [1.0000000e+00 1.4741179e-26]
 [1.0000000e+00 1.4741123e-26]
 [1.0000000e+00 1.4741066e-26]], shape=(10, 2), dtype=float32)
---
Sb2Mg1Cd2_a2c1c2_sg164_cscaled
tf.Tensor([0.00042669], shape=(1,), dtype=float32)
tf.Tensor(
[[1.0000000e+00 3.5586047e-20]
 [1.0000000e+00 3.5585911e-20]
 [1.0000000e+00 1.3571151e-18]
 [1.0000000e+00 1.3571151e-18]
 [1.0000000e+00 1.3571203e-18]
 [1.0000000e+00 1.3571203e-18]
 [1.0000000e+00 1.3571098e-18]
 [1.0000000e+00 1.3571203e-18]
 [1.0000000e+00 1.3571203e-18]
 [1.0000000e+00 1.3571203e-18]], shape=(10, 2), dtype=float32)
---
As2Yb2Ca1_a2c1c2_sg139_ascaled
tf.Tensor([0.00072467], shape=(1,), dtype=float32)
tf.Tensor(
[[1.0000000e+00 6.5126007e-27]
 [1.0000000e+00 6.5126007e-27]
 [1.0000000e+00 1.6460484e-25]
 [1.0000000e+00 1.6460672e-25]
 [1.0000000e+00 1.6460798e-25]
 [1.0000000e+00 1.6460798e-25]
 [1.0000000e+00 8.5336012e-32]
 [1.0000000e+00 8.5336012e-32]
 [1.0000000e+00 8.5333408e-32]
 [1.0000000e+00 8.5334060e-32]], shape=(10, 2), dtype=float32)
---
Sb2Mg2Hg1_a2c1c2_sg36
tf.Tensor([0.00080574], shape=(1,), dtype=float32)
tf.Tensor(
[[1.0000000e+00 1.1847892e-27]
 [1.0000000e+00 1.1847620e-27]
 [1.0000000e+00 3.0962535e-28]
 [1.0000000e+00 3.0963833e-28]
 [1.0000000e+00 1.0535418e-24]
 [1.0000000e+00 1.0535458e-24]
 [1.0000000e+00 1.3738695e-29]
 [1.0000000e+00 1.3738800e-29]
 [1.0000000e+00 4.3030415e-26]
 [1.0000000e+00 4.3030742e-26]], shape=(10, 2), dtype=float32)
---
Bi2Sr2Mg1_a2c1c2_sg36
tf.Tensor([4.2333802e-05], shape=(1,), dtype=float32)
tf.Tensor(
[[1.0000000e+00 0.0000000e+00]
 [1.0000000e+00 0.0000000e+00]
 [1.0000000e+00 0.0000000e+00]
 [1.0000000e+00 0.0000000e+00]
 [1.0000000e+00 2.6901791e-32]
 [1.0000000e+00 2.6903022e-32]
 [1.0000000e+00 8.7433814e-37]
 [1.0000000e+00 8.7435823e-37]
 [1.0000000e+00 3.1458995e-36]
 [1.0000000e+00 3.1458034e-36]], shape=(10, 2), dtype=float32)
---
As2Zn2Sr1_a2c1c2_sg139_ascaled
tf.Tensor([0.00048279], shape=(1,), dtype=float32)
tf.Tensor(
[[1.0000000e+00 9.2281727e-27]
 [1.0000000e+00 9.2282428e-27]
 [1.0000000e+00 6.8580750e-22]
 [1.0000000e+00 6.8581795e-22]
 [1.0000000e+00 6.8582840e-22]
 [1.0000000e+00 6.8582315e-22]
 [1.0000000e+00 1.9175110e-22]
 [1.0000000e+00 1.9174963e-22]
 [1.0000000e+00 1.9175694e-22]
 [1.0000000e+00 1.9175548e-22]], shape=(10, 2), dtype=float32)
---
Sb2Be1Sr2_a2c1c2_sg164_cscaled
tf.Tensor([3.0621783e-07], shape=(1,), dtype=float32)
tf.Tensor(
[[1.0000000e+00 1.3235554e-14]
 [1.0000000e+00 1.3234418e-14]
 [1.0000000e+00 1.3220844e-14]
 [1.0000000e+00 1.3219584e-14]
 [1.0000000e+00 5.7071657e-14]
 [1.0000000e+00 5.7071657e-14]
 [1.0000000e+00 3.6225531e-13]
 [1.0000000e+00 3.6222078e-13]
 [1.0000000e+00 3.6204671e-13]
 [1.0000000e+00 3.6201633e-13]], shape=(10, 2), dtype=float32)
---
Sb2Be2Zn1_a2c1c2_sg139_ascaled
tf.Tensor([1.1360428e-05], shape=(1,), dtype=float32)
tf.Tensor(
[[1.00000000e+00 1.61794397e-21]
 [1.00000000e+00 1.61794397e-21]
 [1.00000000e+00 1.61794397e-21]
 [1.00000000e+00 1.61793155e-21]
 [1.00000000e+00 5.62971410e-21]
 [1.00000000e+00 5.62967089e-21]
 [1.00000000e+00 1.34425840e-20]
 [1.00000000e+00 1.34424814e-20]
 [1.00000000e+00 1.34424305e-20]
 [1.00000000e+00 1.34425840e-20]], shape=(10, 2), dtype=float32)
---
Bi2Cd1Ba2_a2c1c2_sg164_ascaled
tf.Tensor([0.00079667], shape=(1,), dtype=float32)
tf.Tensor(
[[1.0000000e+00 4.9041587e-31]
 [1.0000000e+00 4.9015401e-31]
 [1.0000000e+00 4.9042334e-31]
 [1.0000000e+00 4.9015025e-31]
 [1.0000000e+00 7.7602164e-32]
 [1.0000000e+00 7.7599202e-32]
 [1.0000000e+00 4.9034101e-31]
 [1.0000000e+00 4.9022506e-31]
 [1.0000000e+00 4.9032982e-31]
 [1.0000000e+00 4.9024377e-31]], shape=(10, 2), dtype=float32)
---
As2Cd2Mg1_a2c1c2_sg139_ascaled
tf.Tensor([0.00017837], shape=(1,), dtype=float32)
tf.Tensor(
[[1.0000000e+00 7.9980312e-33]
 [1.0000000e+00 7.9980312e-33]
 [1.0000000e+00 7.9980312e-33]
 [1.0000000e+00 7.9980312e-33]
 [1.0000000e+00 7.9980312e-33]
 [1.0000000e+00 7.9980312e-33]
 [1.0000000e+00 1.2211183e-32]
 [1.0000000e+00 1.2211183e-32]
 [1.0000000e+00 1.2211183e-32]
 [1.0000000e+00 1.2211183e-32]], shape=(10, 2), dtype=float32)
---
Sb2Ca2Cd1_a2c1c2_sg36
tf.Tensor([2.9141356e-05], shape=(1,), dtype=float32)
tf.Tensor(
[[1.0000000e+00 1.2662855e-15]
 [1.0000000e+00 1.2662806e-15]
 [1.0000000e+00 1.7808897e-17]
 [1.0000000e+00 1.7808897e-17]
 [1.0000000e+00 1.0914522e-15]
 [1.0000000e+00 1.0914564e-15]
 [1.0000000e+00 1.4249393e-16]
 [1.0000000e+00 1.4249449e-16]
 [1.0000000e+00 6.4279323e-15]
 [1.0000000e+00 6.4278832e-15]], shape=(10, 2), dtype=float32)
---
As2Zn2Sr1_a2c1c2_sg139_bscaled
tf.Tensor([0.00077757], shape=(1,), dtype=float32)
tf.Tensor(
[[1.0000000e+00 7.6604411e-27]
 [1.0000000e+00 7.6604411e-27]
 [1.0000000e+00 6.5212932e-22]
 [1.0000000e+00 6.5209949e-22]
 [1.0000000e+00 6.5208707e-22]
 [1.0000000e+00 6.5207465e-22]
 [1.0000000e+00 1.7984031e-22]
 [1.0000000e+00 1.7987186e-22]
 [1.0000000e+00 1.7983413e-22]
 [1.0000000e+00 1.7986501e-22]], shape=(10, 2), dtype=float32)
---
Bi2Zn2Ca1_a2c1c2_sg139_bscaled
tf.Tensor([8.5649364e-05], shape=(1,), dtype=float32)
tf.Tensor(
[[1.00000000e+00 0.00000000e+00]
 [1.00000000e+00 0.00000000e+00]
 [1.00000000e+00 1.15571966e-35]
 [1.00000000e+00 1.15485590e-35]
 [1.00000000e+00 1.15462681e-35]
 [1.00000000e+00 1.15549925e-35]
 [1.00000000e+00 1.39621555e-33]
 [1.00000000e+00 1.39687612e-33]
 [1.00000000e+00 1.39652448e-33]
 [1.00000000e+00 1.39598118e-33]], shape=(10, 2), dtype=float32)
---
Sb2Ba2Sr1_a2c1c2_sg139_ascaled
tf.Tensor([0.00072658], shape=(1,), dtype=float32)
tf.Tensor(
[[1. 0.]
 [1. 0.]
 [1. 0.]
 [1. 0.]
 [1. 0.]
 [1. 0.]
 [1. 0.]
 [1. 0.]
 [1. 0.]
 [1. 0.]], shape=(10, 2), dtype=float32)
---
Sb2Ca2Ba1_a2c1c2_sg139_bscaled
tf.Tensor([0.00070631], shape=(1,), dtype=float32)
tf.Tensor(
[[1.000000e+00 0.000000e+00]
 [1.000000e+00 0.000000e+00]
 [1.000000e+00 6.481559e-38]
 [1.000000e+00 6.481559e-38]
 [1.000000e+00 6.481559e-38]
 [1.000000e+00 6.481559e-38]
 [1.000000e+00 0.000000e+00]
 [1.000000e+00 0.000000e+00]
 [1.000000e+00 0.000000e+00]
 [1.000000e+00 0.000000e+00]], shape=(10, 2), dtype=float32)
---
Sb2Zn2Hg1_a2c1c2_sg36
tf.Tensor([1.6532596e-06], shape=(1,), dtype=float32)
tf.Tensor(
[[1. 0.]
 [1. 0.]
 [1. 0.]
 [1. 0.]
 [1. 0.]
 [1. 0.]
 [1. 0.]
 [1. 0.]
 [1. 0.]
 [1. 0.]], shape=(10, 2), dtype=float32)
---
Sb2Ca2Mn1_a2c1c2_sg139_cscaled
tf.Tensor([0.00062572], shape=(1,), dtype=float32)
tf.Tensor(
[[1.0000000e+00 4.8443284e-22]
 [1.0000000e+00 4.8434045e-22]
 [1.0000000e+00 4.8428133e-22]
 [1.0000000e+00 4.8439220e-22]
 [1.0000000e+00 1.1408779e-22]
 [1.0000000e+00 1.1404733e-22]
 [1.0000000e+00 4.4766157e-22]
 [1.0000000e+00 4.4781354e-22]
 [1.0000000e+00 4.4777426e-22]
 [1.0000000e+00 4.4762740e-22]], shape=(10, 2), dtype=float32)
---
As2Hg2Ca1_a2c1c2_sg36
tf.Tensor([1.4606536e-07], shape=(1,), dtype=float32)
tf.Tensor(
[[1.0000000e+00 7.6348127e-38]
 [1.0000000e+00 7.6356865e-38]
 [1.0000000e+00 2.4264729e-33]
 [1.0000000e+00 2.4281395e-33]
 [1.0000000e+00 3.2789348e-31]
 [1.0000000e+00 3.2798103e-31]
 [1.0000000e+00 2.1723283e-36]
 [1.0000000e+00 2.1722289e-36]
 [1.0000000e+00 3.1916214e-32]
 [1.0000000e+00 3.1904771e-32]], shape=(10, 2), dtype=float32)
---
As2Sr1Ca2_a2c1c2_sg164_bscaled
tf.Tensor([9.650703e-05], shape=(1,), dtype=float32)
tf.Tensor(
[[1. 0.]
 [1. 0.]
 [1. 0.]
 [1. 0.]
 [1. 0.]
 [1. 0.]
 [1. 0.]
 [1. 0.]
 [1. 0.]
 [1. 0.]], shape=(10, 2), dtype=float32)
---
Sb2Ca3Ca3_a2c1c2_sg36
tf.Tensor([0.000285], shape=(1,), dtype=float32)
tf.Tensor(
[[1.0000000e+00 2.8800947e-30]
 [1.0000000e+00 2.8800947e-30]
 [1.0000000e+00 9.2522896e-33]
 [1.0000000e+00 9.2522191e-33]
 [1.0000000e+00 1.3963934e-30]
 [1.0000000e+00 1.3964042e-30]
 [1.0000000e+00 1.2191634e-32]
 [1.0000000e+00 1.2191634e-32]
 [1.0000000e+00 1.6076384e-29]
 [1.0000000e+00 1.6076261e-29]], shape=(10, 2), dtype=float32)
---
As2Zn2Ba1_a2c1c2_sg139_bscaled
tf.Tensor([6.859853e-05], shape=(1,), dtype=float32)
tf.Tensor(
[[1.0000000e+00 7.3797356e-29]
 [1.0000000e+00 7.3797922e-29]
 [1.0000000e+00 4.1684286e-24]
 [1.0000000e+00 4.1684124e-24]
 [1.0000000e+00 4.1684286e-24]
 [1.0000000e+00 4.1684286e-24]
 [1.0000000e+00 1.0980037e-24]
 [1.0000000e+00 1.0980078e-24]
 [1.0000000e+00 1.0980037e-24]
 [1.0000000e+00 1.0980120e-24]], shape=(10, 2), dtype=float32)
---
Bi2Cd1Be2_a2c1c2_sg164_ascaled
tf.Tensor([3.136346e-06], shape=(1,), dtype=float32)
tf.Tensor(
[[1.0000000e+00 1.6496465e-22]
 [1.0000000e+00 1.6496465e-22]
 [1.0000000e+00 1.6496465e-22]
 [1.0000000e+00 1.6496465e-22]
 [1.0000000e+00 1.2068817e-26]
 [1.0000000e+00 1.2068817e-26]
 [1.0000000e+00 4.9505632e-25]
 [1.0000000e+00 4.9505632e-25]
 [1.0000000e+00 4.9505632e-25]
 [1.0000000e+00 4.9505632e-25]], shape=(10, 2), dtype=float32)
---
As2Mn2Be1_a2c1c2_sg139_cscaled
tf.Tensor([0.00042569], shape=(1,), dtype=float32)
tf.Tensor(
[[1. 0.]
 [1. 0.]
 [1. 0.]
 [1. 0.]
 [1. 0.]
 [1. 0.]
 [1. 0.]
 [1. 0.]
 [1. 0.]
 [1. 0.]], shape=(10, 2), dtype=float32)
---
As2Sr2Zn1_a2c1c2_sg36
tf.Tensor([0.00015813], shape=(1,), dtype=float32)
tf.Tensor(
[[1.0000000e+00 4.7738634e-23]
 [1.0000000e+00 4.7736630e-23]
 [1.0000000e+00 1.7558751e-26]
 [1.0000000e+00 1.7558751e-26]
 [1.0000000e+00 9.5455330e-22]
 [1.0000000e+00 9.5459692e-22]
 [1.0000000e+00 9.2586877e-24]
 [1.0000000e+00 9.2588644e-24]
 [1.0000000e+00 3.8444308e-24]
 [1.0000000e+00 3.8440640e-24]], shape=(10, 2), dtype=float32)
---
Sb2Ba2Mg1_a2c1c2_sg36
tf.Tensor([3.7937047e-05], shape=(1,), dtype=float32)
tf.Tensor(
[[1. 0.]
 [1. 0.]
 [1. 0.]
 [1. 0.]
 [1. 0.]
 [1. 0.]
 [1. 0.]
 [1. 0.]
 [1. 0.]
 [1. 0.]], shape=(10, 2), dtype=float32)
---
Bi2Cd1Be2_a2c1c2_sg164_bscaled
tf.Tensor([1.1960179e-06], shape=(1,), dtype=float32)
tf.Tensor(
[[1.0000000e+00 1.7523057e-22]
 [1.0000000e+00 1.7523124e-22]
 [1.0000000e+00 1.7523124e-22]
 [1.0000000e+00 1.7523124e-22]
 [1.0000000e+00 1.2902146e-26]
 [1.0000000e+00 1.2902146e-26]
 [1.0000000e+00 5.3089708e-25]
 [1.0000000e+00 5.3089506e-25]
 [1.0000000e+00 5.3089708e-25]
 [1.0000000e+00 5.3089506e-25]], shape=(10, 2), dtype=float32)
---
Bi2Mg3Mg3_a2c1c2_sg36
tf.Tensor([0.00030706], shape=(1,), dtype=float32)
tf.Tensor(
[[1.0000000e+00 0.0000000e+00]
 [1.0000000e+00 0.0000000e+00]
 [1.0000000e+00 3.2976466e-33]
 [1.0000000e+00 3.2976970e-33]
 [1.0000000e+00 2.0654149e-36]
 [1.0000000e+00 2.0653991e-36]
 [1.0000000e+00 1.9871753e-30]
 [1.0000000e+00 1.9872055e-30]
 [1.0000000e+00 5.6251786e-38]
 [1.0000000e+00 5.6252212e-38]], shape=(10, 2), dtype=float32)
---
Sb2Zn2Ca1_a2c1c2_sg36
tf.Tensor([0.00069533], shape=(1,), dtype=float32)
tf.Tensor(
[[1.0000000e+00 4.4743620e-22]
 [1.0000000e+00 4.4743105e-22]
 [1.0000000e+00 1.7819571e-24]
 [1.0000000e+00 1.7819640e-24]
 [1.0000000e+00 3.9077026e-22]
 [1.0000000e+00 3.9077473e-22]
 [1.0000000e+00 7.4632571e-20]
 [1.0000000e+00 7.4631718e-20]
 [1.0000000e+00 2.4867856e-24]
 [1.0000000e+00 2.4867761e-24]], shape=(10, 2), dtype=float32)
---
Bi2Be3Be3_a2c1c2_sg36
tf.Tensor([0.00059472], shape=(1,), dtype=float32)
tf.Tensor(
[[1.0000000e+00 2.2381459e-32]
 [1.0000000e+00 2.2277369e-32]
 [1.0000000e+00 9.4963654e-35]
 [1.0000000e+00 9.4944816e-35]
 [1.0000000e+00 1.3229824e-29]
 [1.0000000e+00 1.3247095e-29]
 [1.0000000e+00 1.3039261e-32]
 [1.0000000e+00 1.3214218e-32]
 [1.0000000e+00 4.3958301e-36]
 [1.0000000e+00 4.3856802e-36]], shape=(10, 2), dtype=float32)
---
As2Be1Ba2_a2c1c2_sg164_ascaled
tf.Tensor([4.6099813e-05], shape=(1,), dtype=float32)
tf.Tensor(
[[1. 0.]
 [1. 0.]
 [1. 0.]
 [1. 0.]
 [1. 0.]
 [1. 0.]
 [1. 0.]
 [1. 0.]
 [1. 0.]
 [1. 0.]], shape=(10, 2), dtype=float32)
---
As2Yb2Sr1_a2c1c2_sg139_cscaled
tf.Tensor([0.00061083], shape=(1,), dtype=float32)
tf.Tensor(
[[1.0000000e+00 2.0932143e-15]
 [1.0000000e+00 2.0932463e-15]
 [1.0000000e+00 5.8634731e-14]
 [1.0000000e+00 5.8634731e-14]
 [1.0000000e+00 5.8634507e-14]
 [1.0000000e+00 5.8634392e-14]
 [1.0000000e+00 1.6492944e-14]
 [1.0000000e+00 1.6492724e-14]
 [1.0000000e+00 1.6492662e-14]
 [1.0000000e+00 1.6492882e-14]], shape=(10, 2), dtype=float32)
---
Bi2Sr1Mg2_a2c1c2_sg164_cscaled
tf.Tensor([0.00066866], shape=(1,), dtype=float32)
tf.Tensor(
[[1.0000000e+00 3.1569506e-19]
 [1.0000000e+00 3.1569746e-19]
 [1.0000000e+00 6.5851592e-16]
 [1.0000000e+00 6.5851592e-16]
 [1.0000000e+00 6.5851592e-16]
 [1.0000000e+00 6.5851338e-16]
 [1.0000000e+00 1.1273864e-18]
 [1.0000000e+00 1.1273864e-18]
 [1.0000000e+00 1.1273864e-18]
 [1.0000000e+00 1.1273864e-18]], shape=(10, 2), dtype=float32)
---
Bi2Be3Be3_a2c1c2_sg139_cscaled
tf.Tensor([9.758273e-05], shape=(1,), dtype=float32)
tf.Tensor(
[[1.0000000e+00 2.9882598e-17]
 [1.0000000e+00 2.9882598e-17]
 [1.0000000e+00 3.2935500e-17]
 [1.0000000e+00 2.9884421e-17]
 [1.0000000e+00 2.9884421e-17]
 [1.0000000e+00 3.2932356e-17]
 [1.0000000e+00 1.3012982e-16]
 [1.0000000e+00 1.3016010e-16]
 [1.0000000e+00 1.3016358e-16]
 [1.0000000e+00 1.3011890e-16]], shape=(10, 2), dtype=float32)
---
Bi2Mg2Be1_a2c1c2_sg36
tf.Tensor([1.0082267e-05], shape=(1,), dtype=float32)
tf.Tensor(
[[1.0000000e+00 1.1937431e-22]
 [1.0000000e+00 1.1937248e-22]
 [1.0000000e+00 6.5561293e-25]
 [1.0000000e+00 6.5561293e-25]
 [1.0000000e+00 1.5958350e-20]
 [1.0000000e+00 1.5958227e-20]
 [1.0000000e+00 3.9169686e-23]
 [1.0000000e+00 3.9170286e-23]
 [1.0000000e+00 5.8394983e-22]
 [1.0000000e+00 5.8395427e-22]], shape=(10, 2), dtype=float32)
---
Bi2Ba2Mg1_a2c1c2_sg139_ascaled
tf.Tensor([6.3146723e-07], shape=(1,), dtype=float32)
tf.Tensor(
[[1. 0.]
 [1. 0.]
 [1. 0.]
 [1. 0.]
 [1. 0.]
 [1. 0.]
 [1. 0.]
 [1. 0.]
 [1. 0.]
 [1. 0.]], shape=(10, 2), dtype=float32)
---
Bi2Mn1Be2_a2c1c2_sg164_bscaled
tf.Tensor([0.00038575], shape=(1,), dtype=float32)
tf.Tensor(
[[1. 0.]
 [1. 0.]
 [1. 0.]
 [1. 0.]
 [1. 0.]
 [1. 0.]
 [1. 0.]
 [1. 0.]
 [1. 0.]
 [1. 0.]], shape=(10, 2), dtype=float32)
---
As2Be1Hg2_a2c1c2_sg164_bscaled
tf.Tensor([5.7558285e-05], shape=(1,), dtype=float32)
tf.Tensor(
[[1.0000000e+00 8.8622829e-38]
 [1.0000000e+00 8.8622151e-38]
 [1.0000000e+00 0.0000000e+00]
 [1.0000000e+00 0.0000000e+00]
 [1.0000000e+00 0.0000000e+00]
 [1.0000000e+00 0.0000000e+00]
 [1.0000000e+00 1.9786453e-35]
 [1.0000000e+00 1.9787510e-35]
 [1.0000000e+00 1.9779661e-35]
 [1.0000000e+00 1.9780717e-35]], shape=(10, 2), dtype=float32)
---
Sb2Zn3Zn3_a2c1c2_sg164_ascaled
tf.Tensor([6.28742e-05], shape=(1,), dtype=float32)
tf.Tensor(
[[1. 0.]
 [1. 0.]
 [1. 0.]
 [1. 0.]
 [1. 0.]
 [1. 0.]
 [1. 0.]
 [1. 0.]
 [1. 0.]
 [1. 0.]], shape=(10, 2), dtype=float32)
---
As2Cd2Ca1_a2c1c2_sg139_ascaled
tf.Tensor([0.00022104], shape=(1,), dtype=float32)
tf.Tensor(
[[1.0000000e+00 1.1780823e-28]
 [1.0000000e+00 1.1780823e-28]
 [1.0000000e+00 2.8334622e-24]
 [1.0000000e+00 2.8334622e-24]
 [1.0000000e+00 2.8334622e-24]
 [1.0000000e+00 2.8334622e-24]
 [1.0000000e+00 4.7614934e-24]
 [1.0000000e+00 4.7614934e-24]
 [1.0000000e+00 4.7614934e-24]
 [1.0000000e+00 4.7614934e-24]], shape=(10, 2), dtype=float32)
---
Bi2Hg1Cd2_a2c1c2_sg164_cscaled
tf.Tensor([0.00015936], shape=(1,), dtype=float32)
tf.Tensor(
[[1.0000000e+00 6.3017872e-27]
 [1.0000000e+00 6.3014506e-27]
 [1.0000000e+00 6.3043360e-27]
 [1.0000000e+00 6.3045521e-27]
 [1.0000000e+00 2.8636333e-27]
 [1.0000000e+00 2.8634803e-27]
 [1.0000000e+00 2.1234655e-27]
 [1.0000000e+00 2.1236274e-27]
 [1.0000000e+00 2.1242189e-27]
 [1.0000000e+00 2.1244621e-27]], shape=(10, 2), dtype=float32)
---
Sb2Mg1Ba2_a2c1c2_sg164_bscaled
tf.Tensor([7.345956e-06], shape=(1,), dtype=float32)
tf.Tensor(
[[1.0000000e+00 6.7202263e-28]
 [1.0000000e+00 6.7202263e-28]
 [1.0000000e+00 6.7205600e-28]
 [1.0000000e+00 6.7205600e-28]
 [1.0000000e+00 1.6399548e-27]
 [1.0000000e+00 1.6399548e-27]
 [1.0000000e+00 6.7202778e-28]
 [1.0000000e+00 6.7202778e-28]
 [1.0000000e+00 6.7204829e-28]
 [1.0000000e+00 6.7204829e-28]], shape=(10, 2), dtype=float32)
---
As2Zn2Mg1_a2c1c2_sg139_ascaled
tf.Tensor([1.484301e-06], shape=(1,), dtype=float32)
tf.Tensor(
[[1.0000000e+00 2.4335178e-33]
 [1.0000000e+00 2.4335922e-33]
 [1.0000000e+00 4.4389480e-30]
 [1.0000000e+00 4.4389142e-30]
 [1.0000000e+00 4.4388803e-30]
 [1.0000000e+00 4.4388126e-30]
 [1.0000000e+00 3.4422913e-30]
 [1.0000000e+00 3.4421864e-30]
 [1.0000000e+00 3.4420811e-30]
 [1.0000000e+00 3.4422127e-30]], shape=(10, 2), dtype=float32)
---
Sb2Mn3Mn3_a2c1c2_sg164_ascaled
tf.Tensor([0.00025636], shape=(1,), dtype=float32)
tf.Tensor(
[[1. 0.]
 [1. 0.]
 [1. 0.]
 [1. 0.]
 [1. 0.]
 [1. 0.]
 [1. 0.]
 [1. 0.]
 [1. 0.]
 [1. 0.]], shape=(10, 2), dtype=float32)
---
Sb2Be1Ba2_a2c1c2_sg164_bscaled
tf.Tensor([0.00016348], shape=(1,), dtype=float32)
tf.Tensor(
[[1.0000000e+00 1.5256176e-34]
 [1.0000000e+00 1.5256293e-34]
 [1.0000000e+00 1.5258040e-34]
 [1.0000000e+00 1.5258273e-34]
 [1.0000000e+00 8.8579065e-34]
 [1.0000000e+00 8.8579065e-34]
 [1.0000000e+00 5.2142744e-33]
 [1.0000000e+00 5.2143144e-33]
 [1.0000000e+00 5.2140356e-33]
 [1.0000000e+00 5.2141550e-33]], shape=(10, 2), dtype=float32)
---
Bi2Mg2Sr1_a2c1c2_sg36
tf.Tensor([0.0006011], shape=(1,), dtype=float32)
tf.Tensor(
[[1.0000000e+00 2.2257923e-24]
 [1.0000000e+00 2.2256904e-24]
 [1.0000000e+00 1.2292696e-24]
 [1.0000000e+00 1.2293165e-24]
 [1.0000000e+00 1.9555606e-23]
 [1.0000000e+00 1.9557621e-23]
 [1.0000000e+00 3.8897070e-22]
 [1.0000000e+00 3.8890098e-22]
 [1.0000000e+00 7.9666818e-22]
 [1.0000000e+00 7.9666207e-22]], shape=(10, 2), dtype=float32)
---
As2Yb2Sr1_a2c1c2_sg36
tf.Tensor([0.00024741], shape=(1,), dtype=float32)
tf.Tensor(
[[1.00000000e+00 1.36089289e-20]
 [1.00000000e+00 1.36152653e-20]
 [1.00000000e+00 1.01346829e-22]
 [1.00000000e+00 1.01359974e-22]
 [1.00000000e+00 6.98398446e-21]
 [1.00000000e+00 6.98105379e-21]
 [1.00000000e+00 1.31433151e-20]
 [1.00000000e+00 1.31472264e-20]
 [1.00000000e+00 7.91081207e-21]
 [1.00000000e+00 7.90601539e-21]], shape=(10, 2), dtype=float32)
---
Sb2Mn2Be1_a2c1c2_sg139_cscaled
tf.Tensor([0.00096927], shape=(1,), dtype=float32)
tf.Tensor(
[[1.0000000e+00 3.1248191e-25]
 [1.0000000e+00 3.1248548e-25]
 [1.0000000e+00 3.1233769e-25]
 [1.0000000e+00 3.1234247e-25]
 [1.0000000e+00 6.2762187e-14]
 [1.0000000e+00 6.2745666e-14]
 [1.0000000e+00 2.6598911e-18]
 [1.0000000e+00 2.6601752e-18]
 [1.0000000e+00 2.6597492e-18]
 [1.0000000e+00 2.6592419e-18]], shape=(10, 2), dtype=float32)
---
As2Sr3Sr3_a2c1c2_sg164_cscaled
tf.Tensor([1.378026e-07], shape=(1,), dtype=float32)
tf.Tensor(
[[1.0000000e+00 3.4589665e-24]
 [1.0000000e+00 8.1753859e-22]
 [1.0000000e+00 8.1753859e-22]
 [1.0000000e+00 3.4589535e-24]
 [1.0000000e+00 8.1754167e-22]
 [1.0000000e+00 8.1754167e-22]
 [1.0000000e+00 8.1754167e-22]
 [1.0000000e+00 8.1753859e-22]
 [1.0000000e+00 8.1754167e-22]
 [1.0000000e+00 8.1754167e-22]], shape=(10, 2), dtype=float32)
---
Bi2Mn2Ca1_a2c1c2_sg139_bscaled
tf.Tensor([0.00036875], shape=(1,), dtype=float32)
tf.Tensor(
[[1.00000000e+00 1.00456410e-32]
 [1.00000000e+00 1.00452575e-32]
 [1.00000000e+00 0.00000000e+00]
 [1.00000000e+00 0.00000000e+00]
 [1.00000000e+00 0.00000000e+00]
 [1.00000000e+00 0.00000000e+00]
 [1.00000000e+00 0.00000000e+00]
 [1.00000000e+00 0.00000000e+00]
 [1.00000000e+00 0.00000000e+00]
 [1.00000000e+00 0.00000000e+00]], shape=(10, 2), dtype=float32)
---
As2Cd2Zn1_a2c1c2_sg139_bscaled
tf.Tensor([0.00092924], shape=(1,), dtype=float32)
tf.Tensor(
[[1. 0.]
 [1. 0.]
 [1. 0.]
 [1. 0.]
 [1. 0.]
 [1. 0.]
 [1. 0.]
 [1. 0.]
 [1. 0.]
 [1. 0.]], shape=(10, 2), dtype=float32)
---
Sb2Ca3Ca3_a2c1c2_sg164_bscaled
tf.Tensor([0.0003085], shape=(1,), dtype=float32)
tf.Tensor(
[[1.0000000e+00 1.1526928e-31]
 [1.0000000e+00 4.0928287e-31]
 [1.0000000e+00 4.0954524e-31]
 [1.0000000e+00 1.1527015e-31]
 [1.0000000e+00 4.0954524e-31]
 [1.0000000e+00 4.0928287e-31]
 [1.0000000e+00 4.0940155e-31]
 [1.0000000e+00 4.0942652e-31]
 [1.0000000e+00 4.0942652e-31]
 [1.0000000e+00 4.0940155e-31]], shape=(10, 2), dtype=float32)
---
Sb2Cd2Zn1_a2c1c2_sg36
tf.Tensor([0.00017797], shape=(1,), dtype=float32)
tf.Tensor(
[[1. 0.]
 [1. 0.]
 [1. 0.]
 [1. 0.]
 [1. 0.]
 [1. 0.]
 [1. 0.]
 [1. 0.]
 [1. 0.]
 [1. 0.]], shape=(10, 2), dtype=float32)
---
As2Sr2Cd1_a2c1c2_sg36
tf.Tensor([3.898386e-05], shape=(1,), dtype=float32)
tf.Tensor(
[[1.0000000e+00 1.4111650e-19]
 [1.0000000e+00 1.4111757e-19]
 [1.0000000e+00 2.0246685e-23]
 [1.0000000e+00 2.0246530e-23]
 [1.0000000e+00 3.7331165e-19]
 [1.0000000e+00 3.7331594e-19]
 [1.0000000e+00 1.3908596e-22]
 [1.0000000e+00 1.3908490e-22]
 [1.0000000e+00 5.1177459e-21]
 [1.0000000e+00 5.1176287e-21]], shape=(10, 2), dtype=float32)
---
Sb2Be3Be3_a2c1c2_sg164_bscaled
tf.Tensor([0.00072127], shape=(1,), dtype=float32)
tf.Tensor(
[[1.0000000e+00 6.4375716e-24]
 [1.0000000e+00 1.1142630e-21]
 [1.0000000e+00 1.1142630e-21]
 [1.0000000e+00 6.4375961e-24]
 [1.0000000e+00 1.1142630e-21]
 [1.0000000e+00 1.1142630e-21]
 [1.0000000e+00 5.1144036e-23]
 [1.0000000e+00 5.1143840e-23]
 [1.0000000e+00 5.1143840e-23]
 [1.0000000e+00 5.1144036e-23]], shape=(10, 2), dtype=float32)
---
Bi2Cd1Ca2_a2c1c2_sg164_ascaled
tf.Tensor([3.9112265e-06], shape=(1,), dtype=float32)
tf.Tensor(
[[1.0000000e+00 2.6431499e-19]
 [1.0000000e+00 2.6431298e-19]
 [1.0000000e+00 2.6431499e-19]
 [1.0000000e+00 2.6431499e-19]
 [1.0000000e+00 8.5322253e-19]
 [1.0000000e+00 8.5321928e-19]
 [1.0000000e+00 2.6431499e-19]
 [1.0000000e+00 2.6431298e-19]
 [1.0000000e+00 2.6431499e-19]
 [1.0000000e+00 2.6431499e-19]], shape=(10, 2), dtype=float32)
---
As2Ba2Mg1_a2c1c2_sg36
tf.Tensor([4.7617577e-05], shape=(1,), dtype=float32)
tf.Tensor(
[[1. 0.]
 [1. 0.]
 [1. 0.]
 [1. 0.]
 [1. 0.]
 [1. 0.]
 [1. 0.]
 [1. 0.]
 [1. 0.]
 [1. 0.]], shape=(10, 2), dtype=float32)
---
Bi2Ba1Ca2_a2c1c2_sg164_bscaled
tf.Tensor([0.00069669], shape=(1,), dtype=float32)
tf.Tensor(
[[1. 0.]
 [1. 0.]
 [1. 0.]
 [1. 0.]
 [1. 0.]
 [1. 0.]
 [1. 0.]
 [1. 0.]
 [1. 0.]
 [1. 0.]], shape=(10, 2), dtype=float32)
---
Sb2Ba2Be1_a2c1c2_sg139_ascaled
tf.Tensor([0.00067319], shape=(1,), dtype=float32)
tf.Tensor(
[[1.0000000e+00 2.3062494e-34]
 [1.0000000e+00 2.3062494e-34]
 [1.0000000e+00 2.3060736e-34]
 [1.0000000e+00 2.3060736e-34]
 [1.0000000e+00 1.3654339e-33]
 [1.0000000e+00 1.3654339e-33]
 [1.0000000e+00 6.0518497e-33]
 [1.0000000e+00 6.0518497e-33]
 [1.0000000e+00 6.0517112e-33]
 [1.0000000e+00 6.0517572e-33]], shape=(10, 2), dtype=float32)
---
Sb2Yb1Mn2_a2c1c2_sg164_bscaled
tf.Tensor([0.00025925], shape=(1,), dtype=float32)
tf.Tensor(
[[1.0000000e+00 1.8582583e-24]
 [1.0000000e+00 1.8583504e-24]
 [1.0000000e+00 0.0000000e+00]
 [1.0000000e+00 0.0000000e+00]
 [1.0000000e+00 0.0000000e+00]
 [1.0000000e+00 0.0000000e+00]
 [1.0000000e+00 2.4216410e-37]
 [1.0000000e+00 2.4232675e-37]
 [1.0000000e+00 6.5305570e-36]
 [1.0000000e+00 6.5349931e-36]], shape=(10, 2), dtype=float32)
---
Sb2Mn2Be1_a2c1c2_sg36
tf.Tensor([7.799541e-05], shape=(1,), dtype=float32)
tf.Tensor(
[[1. 0.]
 [1. 0.]
 [1. 0.]
 [1. 0.]
 [1. 0.]
 [1. 0.]
 [1. 0.]
 [1. 0.]
 [1. 0.]
 [1. 0.]], shape=(10, 2), dtype=float32)
---
As2Ca2Ba1_a2c1c2_sg139_cscaled
tf.Tensor([0.00065372], shape=(1,), dtype=float32)
tf.Tensor(
[[1.0000000e+00 1.4548422e-29]
 [1.0000000e+00 1.4548755e-29]
 [1.0000000e+00 1.9500145e-27]
 [1.0000000e+00 1.9499996e-27]
 [1.0000000e+00 1.9499848e-27]
 [1.0000000e+00 1.9499848e-27]
 [1.0000000e+00 9.5935799e-28]
 [1.0000000e+00 9.5935434e-28]
 [1.0000000e+00 9.5934336e-28]
 [1.0000000e+00 9.5934702e-28]], shape=(10, 2), dtype=float32)
---
As2Ba2Sr1_a2c1c2_sg36
tf.Tensor([0.00022629], shape=(1,), dtype=float32)
tf.Tensor(
[[1. 0.]
 [1. 0.]
 [1. 0.]
 [1. 0.]
 [1. 0.]
 [1. 0.]
 [1. 0.]
 [1. 0.]
 [1. 0.]
 [1. 0.]], shape=(10, 2), dtype=float32)
---
Bi2Mg2Be1_a2c1c2_sg139_bscaled
tf.Tensor([2.1663509e-05], shape=(1,), dtype=float32)
tf.Tensor(
[[1.0000000e+00 9.4054333e-22]
 [1.0000000e+00 9.4053970e-22]
 [1.0000000e+00 9.4053970e-22]
 [1.0000000e+00 9.4055050e-22]
 [1.0000000e+00 5.7715104e-22]
 [1.0000000e+00 5.7715982e-22]
 [1.0000000e+00 2.9402491e-24]
 [1.0000000e+00 2.9402716e-24]
 [1.0000000e+00 2.9403051e-24]
 [1.0000000e+00 2.9402716e-24]], shape=(10, 2), dtype=float32)
---
Bi2Ba2Zn1_a2c1c2_sg36
tf.Tensor([0.00088582], shape=(1,), dtype=float32)
tf.Tensor(
[[1. 0.]
 [1. 0.]
 [1. 0.]
 [1. 0.]
 [1. 0.]
 [1. 0.]
 [1. 0.]
 [1. 0.]
 [1. 0.]
 [1. 0.]], shape=(10, 2), dtype=float32)
---
As2Sr2Yb1_a2c1c2_sg36
tf.Tensor([0.00012531], shape=(1,), dtype=float32)
tf.Tensor(
[[1.0000000e+00 1.7798307e-24]
 [1.0000000e+00 1.7798240e-24]
 [1.0000000e+00 7.8205852e-29]
 [1.0000000e+00 7.8207640e-29]
 [1.0000000e+00 9.1376303e-25]
 [1.0000000e+00 9.1377003e-25]
 [1.0000000e+00 4.0514199e-29]
 [1.0000000e+00 4.0514199e-29]
 [1.0000000e+00 7.1456569e-27]
 [1.0000000e+00 7.1456022e-27]], shape=(10, 2), dtype=float32)
---
Sb2Cd1Mg2_a2c1c2_sg164_ascaled
tf.Tensor([0.00021106], shape=(1,), dtype=float32)
tf.Tensor(
[[1.0000000e+00 1.5094709e-21]
 [1.0000000e+00 1.5094709e-21]
 [1.0000000e+00 1.5094709e-21]
 [1.0000000e+00 1.5094709e-21]
 [1.0000000e+00 3.2681744e-21]
 [1.0000000e+00 3.2681744e-21]
 [1.0000000e+00 1.5094709e-21]
 [1.0000000e+00 1.5094652e-21]
 [1.0000000e+00 1.5094709e-21]
 [1.0000000e+00 1.5094709e-21]], shape=(10, 2), dtype=float32)
---
Sb2Zn2Mg1_a2c1c2_sg36
tf.Tensor([0.00045996], shape=(1,), dtype=float32)
tf.Tensor(
[[1.0000000e+00 6.1351641e-31]
 [1.0000000e+00 6.1247346e-31]
 [1.0000000e+00 4.4094522e-28]
 [1.0000000e+00 4.4035016e-28]
 [1.0000000e+00 8.0830702e-29]
 [1.0000000e+00 8.0947955e-29]
 [1.0000000e+00 1.8446375e-28]
 [1.0000000e+00 1.8425910e-28]
 [1.0000000e+00 1.5183916e-31]
 [1.0000000e+00 1.5211861e-31]], shape=(10, 2), dtype=float32)
---
As2Cd2Ca1_a2c1c2_sg36
tf.Tensor([0.00076179], shape=(1,), dtype=float32)
tf.Tensor(
[[1.00000000e+00 1.58464188e-21]
 [1.00000000e+00 1.58460563e-21]
 [1.00000000e+00 6.14104612e-22]
 [1.00000000e+00 6.14104612e-22]
 [1.00000000e+00 9.94416903e-21]
 [1.00000000e+00 9.94428293e-21]
 [1.00000000e+00 5.97282967e-21]
 [1.00000000e+00 5.97273839e-21]
 [1.00000000e+00 1.01045723e-22]
 [1.00000000e+00 1.01044954e-22]], shape=(10, 2), dtype=float32)
---
Bi2Ca1Zn2_a2c1c2_sg164_ascaled
tf.Tensor([0.00055932], shape=(1,), dtype=float32)
tf.Tensor(
[[1.0000000e+00 0.0000000e+00]
 [1.0000000e+00 0.0000000e+00]
 [1.0000000e+00 5.1255973e-37]
 [1.0000000e+00 5.1271228e-37]
 [1.0000000e+00 5.1270834e-37]
 [1.0000000e+00 5.1254798e-37]
 [1.0000000e+00 0.0000000e+00]
 [1.0000000e+00 0.0000000e+00]
 [1.0000000e+00 0.0000000e+00]
 [1.0000000e+00 0.0000000e+00]], shape=(10, 2), dtype=float32)
---
Sb2Mg1Zn2_a2c1c2_sg164_bscaled
tf.Tensor([3.1082633e-05], shape=(1,), dtype=float32)
tf.Tensor(
[[1.0000000e+00 4.9141863e-35]
 [1.0000000e+00 4.9141490e-35]
 [1.0000000e+00 8.4518587e-33]
 [1.0000000e+00 8.4519881e-33]
 [1.0000000e+00 8.4519234e-33]
 [1.0000000e+00 8.4520527e-33]
 [1.0000000e+00 6.4840800e-31]
 [1.0000000e+00 6.4840306e-31]
 [1.0000000e+00 6.4839812e-31]
 [1.0000000e+00 6.4840800e-31]], shape=(10, 2), dtype=float32)
---
Sb2Mg2Sr1_a2c1c2_sg36
tf.Tensor([0.00069894], shape=(1,), dtype=float32)
tf.Tensor(
[[1.0000000e+00 8.4931765e-15]
 [1.0000000e+00 8.4931765e-15]
 [1.0000000e+00 2.1696931e-15]
 [1.0000000e+00 2.1696931e-15]
 [1.0000000e+00 1.2082756e-14]
 [1.0000000e+00 1.2082756e-14]
 [1.0000000e+00 7.4653730e-14]
 [1.0000000e+00 7.4653872e-14]
 [1.0000000e+00 1.6626613e-14]
 [1.0000000e+00 1.6626581e-14]], shape=(10, 2), dtype=float32)
---
Bi2Be2Mn1_a2c1c2_sg36
tf.Tensor([0.00081672], shape=(1,), dtype=float32)
tf.Tensor(
[[1.0000000e+00 1.4552611e-33]
 [1.0000000e+00 1.4214850e-33]
 [1.0000000e+00 1.2369042e-31]
 [1.0000000e+00 1.2418684e-31]
 [1.0000000e+00 1.7393316e-38]
 [1.0000000e+00 1.7346535e-38]
 [1.0000000e+00 2.0873663e-33]
 [1.0000000e+00 2.1472116e-33]
 [1.0000000e+00 4.5544597e-35]
 [1.0000000e+00 4.6095174e-35]], shape=(10, 2), dtype=float32)
---
Bi2Mg3Mg3_a2c1c2_sg139_bscaled
tf.Tensor([9.273163e-07], shape=(1,), dtype=float32)
tf.Tensor(
[[1. 0.]
 [1. 0.]
 [1. 0.]
 [1. 0.]
 [1. 0.]
 [1. 0.]
 [1. 0.]
 [1. 0.]
 [1. 0.]
 [1. 0.]], shape=(10, 2), dtype=float32)
---
As2Zn3Zn3_a2c1c2_sg164_cscaled
tf.Tensor([0.00082037], shape=(1,), dtype=float32)
tf.Tensor(
[[1.0000000e+00 2.2913758e-20]
 [1.0000000e+00 3.3741453e-20]
 [1.0000000e+00 3.3744413e-20]
 [1.0000000e+00 2.2914982e-20]
 [1.0000000e+00 3.3739521e-20]
 [1.0000000e+00 3.3740807e-20]
 [1.0000000e+00 2.2917955e-20]
 [1.0000000e+00 2.2914021e-20]
 [1.0000000e+00 2.2913758e-20]
 [1.0000000e+00 2.2911835e-20]], shape=(10, 2), dtype=float32)
---
Sb2Mg2Ca1_a2c1c2_sg36
tf.Tensor([4.0146924e-06], shape=(1,), dtype=float32)
tf.Tensor(
[[1.0000000e+00 4.8346878e-16]
 [1.0000000e+00 4.8346878e-16]
 [1.0000000e+00 7.5115345e-18]
 [1.0000000e+00 7.5115064e-18]
 [1.0000000e+00 1.0974966e-17]
 [1.0000000e+00 1.0974966e-17]
 [1.0000000e+00 1.6167511e-16]
 [1.0000000e+00 1.6167511e-16]
 [1.0000000e+00 2.7422113e-18]
 [1.0000000e+00 2.7422218e-18]], shape=(10, 2), dtype=float32)
---
Sb2Sr2Hg1_a2c1c2_sg36
tf.Tensor([0.00072266], shape=(1,), dtype=float32)
tf.Tensor(
[[1.0000000e+00 4.6189126e-22]
 [1.0000000e+00 4.6187364e-22]
 [1.0000000e+00 9.6555966e-27]
 [1.0000000e+00 9.6556698e-27]
 [1.0000000e+00 6.3231480e-19]
 [1.0000000e+00 6.3230513e-19]
 [1.0000000e+00 4.8064096e-22]
 [1.0000000e+00 4.8064464e-22]
 [1.0000000e+00 4.8559736e-19]
 [1.0000000e+00 4.8560475e-19]], shape=(10, 2), dtype=float32)
---
As2Hg2Mg1_a2c1c2_sg36
tf.Tensor([3.2220036e-05], shape=(1,), dtype=float32)
tf.Tensor(
[[1.0000000e+00 0.0000000e+00]
 [1.0000000e+00 0.0000000e+00]
 [1.0000000e+00 2.9291508e-34]
 [1.0000000e+00 2.9290615e-34]
 [1.0000000e+00 7.9313026e-35]
 [1.0000000e+00 7.9344497e-35]
 [1.0000000e+00 0.0000000e+00]
 [1.0000000e+00 0.0000000e+00]
 [1.0000000e+00 9.7152212e-36]
 [1.0000000e+00 9.7385969e-36]], shape=(10, 2), dtype=float32)
---
Sb2Zn2Be1_a2c1c2_sg139_bscaled
tf.Tensor([9.094947e-07], shape=(1,), dtype=float32)
tf.Tensor(
[[1.0000000e+00 1.6056383e-24]
 [1.0000000e+00 1.6057486e-24]
 [1.0000000e+00 2.8300679e-33]
 [1.0000000e+00 2.8343896e-33]
 [1.0000000e+00 2.8402342e-33]
 [1.0000000e+00 2.8360118e-33]
 [1.0000000e+00 2.1237502e-26]
 [1.0000000e+00 2.1236367e-26]
 [1.0000000e+00 2.1281376e-26]
 [1.0000000e+00 2.1280970e-26]], shape=(10, 2), dtype=float32)
---
Sb2Be2Mg1_a2c1c2_sg36
tf.Tensor([0.00048575], shape=(1,), dtype=float32)
tf.Tensor(
[[1.0000000e+00 6.7782153e-18]
 [1.0000000e+00 6.7782410e-18]
 [1.0000000e+00 2.3240198e-18]
 [1.0000000e+00 2.3240109e-18]
 [1.0000000e+00 3.8201748e-18]
 [1.0000000e+00 3.8201600e-18]
 [1.0000000e+00 1.6758535e-16]
 [1.0000000e+00 1.6758598e-16]
 [1.0000000e+00 1.4182947e-18]
 [1.0000000e+00 1.4183001e-18]], shape=(10, 2), dtype=float32)
---
As2Mn1Mg2_a2c1c2_sg164_cscaled
tf.Tensor([0.00042947], shape=(1,), dtype=float32)
tf.Tensor(
[[1.0000000e+00 5.5117614e-19]
 [1.0000000e+00 5.5051424e-19]
 [1.0000000e+00 5.5066758e-19]
 [1.0000000e+00 5.5101639e-19]
 [1.0000000e+00 5.6731381e-19]
 [1.0000000e+00 5.6613559e-19]
 [1.0000000e+00 5.5045964e-19]
 [1.0000000e+00 5.5123290e-19]
 [1.0000000e+00 5.5138433e-19]
 [1.0000000e+00 5.5030005e-19]], shape=(10, 2), dtype=float32)
---
As2Mg2Ca1_a2c1c2_sg36
tf.Tensor([0.0001533], shape=(1,), dtype=float32)
tf.Tensor(
[[1.0000000e+00 5.5717187e-25]
 [1.0000000e+00 5.5717187e-25]
 [1.0000000e+00 9.6060301e-28]
 [1.0000000e+00 9.6060301e-28]
 [1.0000000e+00 6.1920964e-28]
 [1.0000000e+00 6.1921435e-28]
 [1.0000000e+00 1.1121375e-25]
 [1.0000000e+00 1.1121375e-25]
 [1.0000000e+00 2.7072325e-28]
 [1.0000000e+00 2.7072325e-28]], shape=(10, 2), dtype=float32)
---
Sb2Mg2Hg1_a2c1c2_sg139_ascaled
tf.Tensor([0.00073949], shape=(1,), dtype=float32)
tf.Tensor(
[[1.0000000e+00 6.5883705e-25]
 [1.0000000e+00 6.5883705e-25]
 [1.0000000e+00 6.5883957e-25]
 [1.0000000e+00 6.5883705e-25]
 [1.0000000e+00 2.4715857e-18]
 [1.0000000e+00 2.4715857e-18]
 [1.0000000e+00 4.2401258e-27]
 [1.0000000e+00 4.2401258e-27]
 [1.0000000e+00 4.2401258e-27]
 [1.0000000e+00 4.2401582e-27]], shape=(10, 2), dtype=float32)
---
As2Cd3Cd3_a2c1c2_sg139_bscaled
tf.Tensor([0.00026742], shape=(1,), dtype=float32)
tf.Tensor(
[[1. 0.]
 [1. 0.]
 [1. 0.]
 [1. 0.]
 [1. 0.]
 [1. 0.]
 [1. 0.]
 [1. 0.]
 [1. 0.]
 [1. 0.]], shape=(10, 2), dtype=float32)
---
Sb2Ca1Ba2_a2c1c2_sg164_bscaled
tf.Tensor([0.00040681], shape=(1,), dtype=float32)
tf.Tensor(
[[1.0000000e+00 2.6613276e-29]
 [1.0000000e+00 2.6633180e-29]
 [1.0000000e+00 2.6631148e-29]
 [1.0000000e+00 2.6615711e-29]
 [1.0000000e+00 6.7896190e-28]
 [1.0000000e+00 6.7938941e-28]
 [1.0000000e+00 2.6618148e-29]
 [1.0000000e+00 2.6628506e-29]
 [1.0000000e+00 2.6635620e-29]
 [1.0000000e+00 2.6611040e-29]], shape=(10, 2), dtype=float32)
---
Bi2Ca2Mg1_a2c1c2_sg36
tf.Tensor([1.5149091e-05], shape=(1,), dtype=float32)
tf.Tensor(
[[1.0000000e+00 3.1558960e-31]
 [1.0000000e+00 3.1558960e-31]
 [1.0000000e+00 1.0074489e-34]
 [1.0000000e+00 1.0074489e-34]
 [1.0000000e+00 8.2774444e-35]
 [1.0000000e+00 8.2773181e-35]
 [1.0000000e+00 5.4184724e-33]
 [1.0000000e+00 5.4184724e-33]
 [1.0000000e+00 5.2310547e-31]
 [1.0000000e+00 5.2312146e-31]], shape=(10, 2), dtype=float32)
---
As2Ca1Mn2_a2c1c2_sg164_cscaled
tf.Tensor([0.00045494], shape=(1,), dtype=float32)
tf.Tensor(
[[1.0000000e+00 0.0000000e+00]
 [1.0000000e+00 0.0000000e+00]
 [1.0000000e+00 0.0000000e+00]
 [1.0000000e+00 0.0000000e+00]
 [1.0000000e+00 0.0000000e+00]
 [1.0000000e+00 0.0000000e+00]
 [1.0000000e+00 1.7470052e-38]
 [1.0000000e+00 1.7444746e-38]
 [1.0000000e+00 1.7458727e-38]
 [1.0000000e+00 1.7453399e-38]], shape=(10, 2), dtype=float32)
---
As2Ca3Ca3_a2c1c2_sg164_cscaled
tf.Tensor([0.00038864], shape=(1,), dtype=float32)
tf.Tensor(
[[1.0000000e+00 4.0862236e-34]
 [1.0000000e+00 2.4744088e-31]
 [1.0000000e+00 2.4744088e-31]
 [1.0000000e+00 4.0862548e-34]
 [1.0000000e+00 2.4744088e-31]
 [1.0000000e+00 2.4743900e-31]
 [1.0000000e+00 2.4744088e-31]
 [1.0000000e+00 2.4743900e-31]
 [1.0000000e+00 2.4743900e-31]
 [1.0000000e+00 2.4744088e-31]], shape=(10, 2), dtype=float32)
---
Bi2Zn1Cd2_a2c1c2_sg164_cscaled
tf.Tensor([0.00021233], shape=(1,), dtype=float32)
tf.Tensor(
[[1.0000000e+00 1.1268083e-29]
 [1.0000000e+00 1.1283912e-29]
 [1.0000000e+00 8.1843789e-28]
 [1.0000000e+00 8.1858773e-28]
 [1.0000000e+00 8.1869703e-28]
 [1.0000000e+00 8.1852215e-28]
 [1.0000000e+00 8.1898129e-28]
 [1.0000000e+00 8.1815382e-28]
 [1.0000000e+00 8.1815074e-28]
 [1.0000000e+00 8.1895635e-28]], shape=(10, 2), dtype=float32)
---
As2Ba2Ca1_a2c1c2_sg36
tf.Tensor([0.0004741], shape=(1,), dtype=float32)
tf.Tensor(
[[1. 0.]
 [1. 0.]
 [1. 0.]
 [1. 0.]
 [1. 0.]
 [1. 0.]
 [1. 0.]
 [1. 0.]
 [1. 0.]
 [1. 0.]], shape=(10, 2), dtype=float32)
---
Bi2Hg1Sr2_a2c1c2_sg164_ascaled
tf.Tensor([0.00038741], shape=(1,), dtype=float32)
tf.Tensor(
[[1.0000000e+00 1.9999793e-25]
 [1.0000000e+00 1.9999870e-25]
 [1.0000000e+00 1.9999945e-25]
 [1.0000000e+00 1.9999793e-25]
 [1.0000000e+00 1.7480780e-16]
 [1.0000000e+00 1.7480514e-16]
 [1.0000000e+00 9.4161669e-22]
 [1.0000000e+00 9.4162032e-22]
 [1.0000000e+00 9.4162386e-22]
 [1.0000000e+00 9.4162032e-22]], shape=(10, 2), dtype=float32)
---
As2Zn2Cd1_a2c1c2_sg139_cscaled
tf.Tensor([2.9391578e-05], shape=(1,), dtype=float32)
tf.Tensor(
[[1.0000000e+00 4.0916050e-19]
 [1.0000000e+00 4.0916207e-19]
 [1.0000000e+00 4.0919485e-19]
 [1.0000000e+00 4.0920108e-19]
 [1.0000000e+00 8.9959231e-19]
 [1.0000000e+00 9.0000073e-19]
 [1.0000000e+00 1.5356431e-19]
 [1.0000000e+00 1.5343783e-19]
 [1.0000000e+00 1.5346475e-19]
 [1.0000000e+00 1.5359008e-19]], shape=(10, 2), dtype=float32)
---
As2Ba2Be1_a2c1c2_sg36
tf.Tensor([9.5475116e-08], shape=(1,), dtype=float32)
tf.Tensor(
[[1. 0.]
 [1. 0.]
 [1. 0.]
 [1. 0.]
 [1. 0.]
 [1. 0.]
 [1. 0.]
 [1. 0.]
 [1. 0.]
 [1. 0.]], shape=(10, 2), dtype=float32)
---
Bi2Mn2Sr1_a2c1c2_sg139_cscaled
tf.Tensor([0.00085598], shape=(1,), dtype=float32)
tf.Tensor(
[[1.0000000e+00 1.5086020e-13]
 [1.0000000e+00 1.5085359e-13]
 [1.0000000e+00 1.8397847e-32]
 [1.0000000e+00 1.8396725e-32]
 [1.0000000e+00 1.8006111e-32]
 [1.0000000e+00 1.8005973e-32]
 [1.0000000e+00 4.6644202e-21]
 [1.0000000e+00 4.6645628e-21]
 [1.0000000e+00 4.6222990e-21]
 [1.0000000e+00 4.6221580e-21]], shape=(10, 2), dtype=float32)
---
Bi2Ca2Hg1_a2c1c2_sg139_cscaled
tf.Tensor([0.00034454], shape=(1,), dtype=float32)
tf.Tensor(
[[1.0000000e+00 5.8059143e-22]
 [1.0000000e+00 5.8059143e-22]
 [1.0000000e+00 5.8030799e-22]
 [1.0000000e+00 5.8030799e-22]
 [1.0000000e+00 1.3112523e-19]
 [1.0000000e+00 1.3112523e-19]
 [1.0000000e+00 9.3415615e-24]
 [1.0000000e+00 9.3415970e-24]
 [1.0000000e+00 9.3381773e-24]
 [1.0000000e+00 9.3381773e-24]], shape=(10, 2), dtype=float32)
---
Bi2Mg2Hg1_a2c1c2_sg139_cscaled
tf.Tensor([2.0606967e-07], shape=(1,), dtype=float32)
tf.Tensor(
[[1.0000000e+00 3.9755499e-34]
 [1.0000000e+00 3.9755499e-34]
 [1.0000000e+00 3.9753373e-34]
 [1.0000000e+00 3.9753373e-34]
 [1.0000000e+00 1.4700084e-32]
 [1.0000000e+00 1.4699635e-32]
 [1.0000000e+00 7.2079851e-37]
 [1.0000000e+00 7.2079300e-37]
 [1.0000000e+00 7.2075452e-37]
 [1.0000000e+00 7.2075452e-37]], shape=(10, 2), dtype=float32)
---
Bi2Sr2Mn1_a2c1c2_sg36
tf.Tensor([4.8796177e-05], shape=(1,), dtype=float32)
tf.Tensor(
[[1.0000000e+00 7.6760532e-29]
 [1.0000000e+00 7.6919403e-29]
 [1.0000000e+00 1.0678935e-32]
 [1.0000000e+00 1.0679506e-32]
 [1.0000000e+00 2.3486899e-25]
 [1.0000000e+00 2.3478658e-25]
 [1.0000000e+00 7.5684217e-27]
 [1.0000000e+00 7.5640344e-27]
 [1.0000000e+00 1.4664668e-27]
 [1.0000000e+00 1.4667298e-27]], shape=(10, 2), dtype=float32)
---
Bi2Zn2Sr1_a2c1c2_sg139_bscaled
tf.Tensor([0.00019713], shape=(1,), dtype=float32)
tf.Tensor(
[[1.0000000e+00 8.3181427e-37]
 [1.0000000e+00 8.3181427e-37]
 [1.0000000e+00 1.6510324e-36]
 [1.0000000e+00 1.6510575e-36]
 [1.0000000e+00 1.6512842e-36]
 [1.0000000e+00 1.6512842e-36]
 [1.0000000e+00 8.3170001e-37]
 [1.0000000e+00 8.3170001e-37]
 [1.0000000e+00 8.3192843e-37]
 [1.0000000e+00 8.3192843e-37]], shape=(10, 2), dtype=float32)
---
Bi2Sr1Be2_a2c1c2_sg164_ascaled
tf.Tensor([0.00086616], shape=(1,), dtype=float32)
tf.Tensor(
[[1.0000000e+00 3.7553280e-26]
 [1.0000000e+00 3.7553280e-26]
 [1.0000000e+00 8.8488334e-24]
 [1.0000000e+00 8.8488334e-24]
 [1.0000000e+00 8.8487664e-24]
 [1.0000000e+00 8.8487664e-24]
 [1.0000000e+00 1.7384012e-25]
 [1.0000000e+00 1.7384078e-25]
 [1.0000000e+00 1.7384078e-25]
 [1.0000000e+00 1.7384012e-25]], shape=(10, 2), dtype=float32)
---
Bi2Mg2Ba1_a2c1c2_sg36
tf.Tensor([0.00050126], shape=(1,), dtype=float32)
tf.Tensor(
[[1.000000e+00 0.000000e+00]
 [1.000000e+00 0.000000e+00]
 [1.000000e+00 0.000000e+00]
 [1.000000e+00 0.000000e+00]
 [1.000000e+00 0.000000e+00]
 [1.000000e+00 0.000000e+00]
 [1.000000e+00 0.000000e+00]
 [1.000000e+00 0.000000e+00]
 [1.000000e+00 7.259777e-38]
 [1.000000e+00 7.259777e-38]], shape=(10, 2), dtype=float32)
---
Bi2Zn1Be2_a2c1c2_sg164_cscaled
tf.Tensor([2.1510641e-05], shape=(1,), dtype=float32)
tf.Tensor(
[[1.00000000e+00 2.18274549e-13]
 [1.00000000e+00 2.18253313e-13]
 [1.00000000e+00 2.18253313e-13]
 [1.00000000e+00 2.18274129e-13]
 [1.00000000e+00 1.01359283e-13]
 [1.00000000e+00 1.01335695e-13]
 [1.00000000e+00 1.01338595e-13]
 [1.00000000e+00 1.01356186e-13]
 [1.00000000e+00 1.01356186e-13]
 [1.00000000e+00 1.01338595e-13]], shape=(10, 2), dtype=float32)
---
Bi2Mn2Cd1_a2c1c2_sg139_ascaled
tf.Tensor([0.00046547], shape=(1,), dtype=float32)
tf.Tensor(
[[1.0000000e+00 0.0000000e+00]
 [1.0000000e+00 0.0000000e+00]
 [1.0000000e+00 0.0000000e+00]
 [1.0000000e+00 0.0000000e+00]
 [1.0000000e+00 3.0530870e-31]
 [1.0000000e+00 3.0530638e-31]
 [1.0000000e+00 0.0000000e+00]
 [1.0000000e+00 0.0000000e+00]
 [1.0000000e+00 0.0000000e+00]
 [1.0000000e+00 0.0000000e+00]], shape=(10, 2), dtype=float32)
---
As2Yb2Ca1_a2c1c2_sg139_bscaled
tf.Tensor([0.0007373], shape=(1,), dtype=float32)
tf.Tensor(
[[1.0000000e+00 6.9633992e-27]
 [1.0000000e+00 6.9633730e-27]
 [1.0000000e+00 1.7311020e-25]
 [1.0000000e+00 1.7311020e-25]
 [1.0000000e+00 1.7311020e-25]
 [1.0000000e+00 1.7311020e-25]
 [1.0000000e+00 8.9656817e-32]
 [1.0000000e+00 8.9656817e-32]
 [1.0000000e+00 8.9656136e-32]
 [1.0000000e+00 8.9656817e-32]], shape=(10, 2), dtype=float32)
---
As2Sr1Ca2_a2c1c2_sg164_ascaled
tf.Tensor([9.65164e-05], shape=(1,), dtype=float32)
tf.Tensor(
[[1. 0.]
 [1. 0.]
 [1. 0.]
 [1. 0.]
 [1. 0.]
 [1. 0.]
 [1. 0.]
 [1. 0.]
 [1. 0.]
 [1. 0.]], shape=(10, 2), dtype=float32)
---
As2Ca2Sr1_a2c1c2_sg139_cscaled
tf.Tensor([0.0007906], shape=(1,), dtype=float32)
tf.Tensor(
[[1.0000000e+00 1.0262772e-34]
 [1.0000000e+00 7.0183326e-35]
 [1.0000000e+00 4.1317240e-35]
 [1.0000000e+00 3.9723188e-35]
 [1.0000000e+00 3.9511307e-35]
 [1.0000000e+00 4.1079616e-35]
 [1.0000000e+00 1.3418043e-35]
 [1.0000000e+00 1.6250829e-35]
 [1.0000000e+00 1.6199457e-35]
 [1.0000000e+00 1.3373688e-35]], shape=(10, 2), dtype=float32)
---
As2Mg2Be1_a2c1c2_sg36
tf.Tensor([1.9928302e-06], shape=(1,), dtype=float32)
tf.Tensor(
[[1.0000000e+00 1.0882591e-23]
 [1.0000000e+00 1.0882549e-23]
 [1.0000000e+00 1.4964582e-26]
 [1.0000000e+00 1.4964582e-26]
 [1.0000000e+00 1.6152306e-21]
 [1.0000000e+00 1.6152429e-21]
 [1.0000000e+00 1.5159901e-23]
 [1.0000000e+00 1.5160016e-23]
 [1.0000000e+00 5.4687113e-23]
 [1.0000000e+00 5.4686072e-23]], shape=(10, 2), dtype=float32)
---
As2Yb2Mg1_a2c1c2_sg139_ascaled
tf.Tensor([0.00069572], shape=(1,), dtype=float32)
tf.Tensor(
[[1.0000000e+00 5.0238457e-17]
 [1.0000000e+00 5.0238457e-17]
 [1.0000000e+00 5.0238457e-17]
 [1.0000000e+00 5.0238649e-17]
 [1.0000000e+00 6.1987750e-16]
 [1.0000000e+00 6.1987518e-16]
 [1.0000000e+00 1.9506661e-15]
 [1.0000000e+00 1.9506661e-15]
 [1.0000000e+00 1.9506735e-15]
 [1.0000000e+00 1.9506809e-15]], shape=(10, 2), dtype=float32)
---
Sb2Mg1Be2_a2c1c2_sg164_bscaled
tf.Tensor([0.00077716], shape=(1,), dtype=float32)
tf.Tensor(
[[1.0000000e+00 2.0888877e-18]
 [1.0000000e+00 2.0888877e-18]
 [1.0000000e+00 6.0740091e-17]
 [1.0000000e+00 6.0740091e-17]
 [1.0000000e+00 6.0740091e-17]
 [1.0000000e+00 6.0740091e-17]
 [1.0000000e+00 2.4685811e-17]
 [1.0000000e+00 2.4685716e-17]
 [1.0000000e+00 2.4685811e-17]
 [1.0000000e+00 2.4685811e-17]], shape=(10, 2), dtype=float32)
---
Sb2Zn2Be1_a2c1c2_sg36
tf.Tensor([0.00058836], shape=(1,), dtype=float32)
tf.Tensor(
[[1.0000000e+00 1.2477196e-22]
 [1.0000000e+00 1.2478148e-22]
 [1.0000000e+00 4.6694762e-21]
 [1.0000000e+00 4.6691555e-21]
 [1.0000000e+00 3.6251749e-23]
 [1.0000000e+00 3.6252166e-23]
 [1.0000000e+00 1.6251486e-23]
 [1.0000000e+00 1.6252168e-23]
 [1.0000000e+00 4.3344511e-22]
 [1.0000000e+00 4.3344345e-22]], shape=(10, 2), dtype=float32)
---
Bi2Zn1Ca2_a2c1c2_sg164_ascaled
tf.Tensor([0.00027251], shape=(1,), dtype=float32)
tf.Tensor(
[[1.0000000e+00 8.9206655e-21]
 [1.0000000e+00 8.9207334e-21]
 [1.0000000e+00 8.9217544e-21]
 [1.0000000e+00 8.9217544e-21]
 [1.0000000e+00 1.8410187e-19]
 [1.0000000e+00 1.8410046e-19]
 [1.0000000e+00 8.9206655e-21]
 [1.0000000e+00 8.9207334e-21]
 [1.0000000e+00 8.9217544e-21]
 [1.0000000e+00 8.9216857e-21]], shape=(10, 2), dtype=float32)
---
Bi2Ca2Cd1_a2c1c2_sg36
tf.Tensor([5.5757264e-06], shape=(1,), dtype=float32)
tf.Tensor(
[[1.0000000e+00 3.2788480e-23]
 [1.0000000e+00 3.2787729e-23]
 [1.0000000e+00 4.8279363e-26]
 [1.0000000e+00 4.8279918e-26]
 [1.0000000e+00 3.1909910e-23]
 [1.0000000e+00 3.1909667e-23]
 [1.0000000e+00 1.9834033e-23]
 [1.0000000e+00 1.9833882e-23]
 [1.0000000e+00 4.2213171e-23]
 [1.0000000e+00 4.2213171e-23]], shape=(10, 2), dtype=float32)
---
Sb2Cd3Cd3_a2c1c2_sg139_ascaled
tf.Tensor([2.7680044e-05], shape=(1,), dtype=float32)
tf.Tensor(
[[1.0000000e+00 1.8859122e-36]
 [1.0000000e+00 1.8859122e-36]
 [1.0000000e+00 0.0000000e+00]
 [1.0000000e+00 1.8859409e-36]
 [1.0000000e+00 1.8859409e-36]
 [1.0000000e+00 0.0000000e+00]
 [1.0000000e+00 4.8307487e-36]
 [1.0000000e+00 4.8307487e-36]
 [1.0000000e+00 4.8308226e-36]
 [1.0000000e+00 4.8308226e-36]], shape=(10, 2), dtype=float32)
---
Sb2Mg1Hg2_a2c1c2_sg164_bscaled
tf.Tensor([0.00056056], shape=(1,), dtype=float32)
tf.Tensor(
[[1. 0.]
 [1. 0.]
 [1. 0.]
 [1. 0.]
 [1. 0.]
 [1. 0.]
 [1. 0.]
 [1. 0.]
 [1. 0.]
 [1. 0.]], shape=(10, 2), dtype=float32)
---
Sb2Sr2Cd1_a2c1c2_sg139_cscaled
tf.Tensor([7.887803e-05], shape=(1,), dtype=float32)
tf.Tensor(
[[1.0000000e+00 2.6478098e-21]
 [1.0000000e+00 2.6478098e-21]
 [1.0000000e+00 2.6478401e-21]
 [1.0000000e+00 2.6478502e-21]
 [1.0000000e+00 1.0529720e-15]
 [1.0000000e+00 1.0527672e-15]
 [1.0000000e+00 1.8749051e-17]
 [1.0000000e+00 1.8757636e-17]
 [1.0000000e+00 1.8757780e-17]
 [1.0000000e+00 1.8749124e-17]], shape=(10, 2), dtype=float32)
---
Sb2Hg2Sr1_a2c1c2_sg36
tf.Tensor([0.00011459], shape=(1,), dtype=float32)
tf.Tensor(
[[1.00000000e+00 0.00000000e+00]
 [1.00000000e+00 0.00000000e+00]
 [1.00000000e+00 1.11063948e-35]
 [1.00000000e+00 1.11124975e-35]
 [1.00000000e+00 4.68794846e-36]
 [1.00000000e+00 4.68709037e-36]
 [1.00000000e+00 1.12154615e-37]
 [1.00000000e+00 1.12129796e-37]
 [1.00000000e+00 5.05577136e-35]
 [1.00000000e+00 5.05588672e-35]], shape=(10, 2), dtype=float32)
---
Bi2Cd1Hg2_a2c1c2_sg164_cscaled
tf.Tensor([8.557656e-05], shape=(1,), dtype=float32)
tf.Tensor(
[[1. 0.]
 [1. 0.]
 [1. 0.]
 [1. 0.]
 [1. 0.]
 [1. 0.]
 [1. 0.]
 [1. 0.]
 [1. 0.]
 [1. 0.]], shape=(10, 2), dtype=float32)
---
Sb2Sr1Zn2_a2c1c2_sg164_cscaled
tf.Tensor([0.00070418], shape=(1,), dtype=float32)
tf.Tensor(
[[1.00000000e+00 1.29959791e-14]
 [1.00000000e+00 1.29959791e-14]
 [1.00000000e+00 1.09437599e-13]
 [1.00000000e+00 1.09437179e-13]
 [1.00000000e+00 1.09439476e-13]
 [1.00000000e+00 1.09439476e-13]
 [1.00000000e+00 6.29976485e-13]
 [1.00000000e+00 6.29978871e-13]
 [1.00000000e+00 6.29993291e-13]
 [1.00000000e+00 6.29992098e-13]], shape=(10, 2), dtype=float32)
---
Bi2Mn2Hg1_a2c1c2_sg139_bscaled
tf.Tensor([5.732699e-05], shape=(1,), dtype=float32)
tf.Tensor(
[[1. 0.]
 [1. 0.]
 [1. 0.]
 [1. 0.]
 [1. 0.]
 [1. 0.]
 [1. 0.]
 [1. 0.]
 [1. 0.]
 [1. 0.]], shape=(10, 2), dtype=float32)
---
Sb2Mn3Mn3_a2c1c2_sg139_bscaled
tf.Tensor([0.00067511], shape=(1,), dtype=float32)
tf.Tensor(
[[1.0000000e+00 0.0000000e+00]
 [1.0000000e+00 0.0000000e+00]
 [1.0000000e+00 9.5835604e-35]
 [1.0000000e+00 0.0000000e+00]
 [1.0000000e+00 0.0000000e+00]
 [1.0000000e+00 9.5791741e-35]
 [1.0000000e+00 0.0000000e+00]
 [1.0000000e+00 0.0000000e+00]
 [1.0000000e+00 0.0000000e+00]
 [1.0000000e+00 0.0000000e+00]], shape=(10, 2), dtype=float32)
---
