[<tf.Tensor: shape=(256, 8, 3), dtype=float32, numpy=
array([[[1.0000000e+00, 1.4553278e-18, 2.7095992e-20],
        [1.0000000e+00, 1.4553278e-18, 2.7095992e-20],
        [1.0000000e+00, 1.4925632e-20, 2.1738465e-20],
        ...,
        [1.0000000e+00, 1.4473145e-21, 2.0058560e-24],
        [1.0000000e+00, 5.2251410e-20, 6.8888642e-20],
        [1.0000000e+00, 5.2251410e-20, 6.8888642e-20]],

       [[1.0000000e+00, 1.0650067e-14, 2.2858384e-22],
        [1.0000000e+00, 1.0650108e-14, 2.2858559e-22],
        [1.0000000e+00, 4.5339611e-24, 9.0717125e-32],
        ...,
        [1.0000000e+00, 1.8737889e-18, 2.6698033e-25],
        [1.0000000e+00, 4.0779135e-24, 1.7017972e-30],
        [1.0000000e+00, 4.0779135e-24, 1.7017972e-30]],

       [[0.0000000e+00, 1.0000000e+00, 1.3775329e-36],
        [0.0000000e+00, 1.0000000e+00, 1.3775329e-36],
        [0.0000000e+00, 1.0000000e+00, 1.3775329e-36],
        ...,
        [0.0000000e+00, 1.0000000e+00, 8.4732210e-35],
        [0.0000000e+00, 1.0000000e+00, 6.2106917e-35],
        [0.0000000e+00, 1.0000000e+00, 6.2106917e-35]],

       ...,

       [[9.9999762e-01, 2.3906589e-06, 3.3727355e-12],
        [9.9999762e-01, 2.3906612e-06, 3.3727355e-12],
        [1.0000000e+00, 2.7005384e-13, 1.1381943e-17],
        ...,
        [1.0000000e+00, 3.6152161e-09, 3.3429077e-14],
        [1.0000000e+00, 4.7913469e-13, 1.7860330e-17],
        [1.0000000e+00, 4.7913469e-13, 1.7860330e-17]],

       [[1.0000000e+00, 0.0000000e+00, 0.0000000e+00],
        [1.0000000e+00, 0.0000000e+00, 0.0000000e+00],
        [1.0000000e+00, 0.0000000e+00, 0.0000000e+00],
        ...,
        [1.0000000e+00, 0.0000000e+00, 0.0000000e+00],
        [1.0000000e+00, 0.0000000e+00, 0.0000000e+00],
        [1.0000000e+00, 0.0000000e+00, 0.0000000e+00]],

       [[1.0000000e+00, 1.9035837e-14, 0.0000000e+00],
        [1.0000000e+00, 1.9035837e-14, 0.0000000e+00],
        [1.0000000e+00, 1.9035837e-14, 0.0000000e+00],
        ...,
        [1.0000000e+00, 8.8552351e-12, 1.0049104e-37],
        [1.0000000e+00, 2.0721412e-11, 3.3282088e-38],
        [1.0000000e+00, 2.0721570e-11, 3.3282088e-38]]], dtype=float32)>, <tf.Tensor: shape=(256, 8, 3), dtype=float32, numpy=
array([[[1.0000000e+00, 1.2309473e-20, 0.0000000e+00],
        [1.0000000e+00, 1.2309473e-20, 0.0000000e+00],
        [1.0000000e+00, 1.2309473e-20, 0.0000000e+00],
        ...,
        [1.0000000e+00, 9.5971406e-26, 0.0000000e+00],
        [1.0000000e+00, 7.8954548e-24, 0.0000000e+00],
        [1.0000000e+00, 7.8954548e-24, 0.0000000e+00]],

       [[9.9999976e-01, 2.2421132e-07, 6.3586831e-14],
        [9.9999976e-01, 2.2421132e-07, 6.3586831e-14],
        [9.9999976e-01, 2.9750095e-07, 3.3403939e-15],
        ...,
        [1.0000000e+00, 3.6771048e-08, 5.8884768e-14],
        [9.9999952e-01, 4.7871032e-07, 4.3269475e-15],
        [9.9999952e-01, 4.7871032e-07, 4.3269475e-15]],

       [[6.1779068e-16, 1.0000000e+00, 1.0218922e-15],
        [6.1779068e-16, 1.0000000e+00, 1.0218922e-15],
        [2.4233568e-17, 1.0000000e+00, 4.1775007e-17],
        ...,
        [2.1739675e-08, 1.0000000e+00, 1.2983718e-10],
        [9.6481711e-17, 1.0000000e+00, 4.9620429e-16],
        [9.6481711e-17, 1.0000000e+00, 4.9620429e-16]],

       ...,

       [[1.0000000e+00, 1.3105983e-10, 3.6074852e-18],
        [1.0000000e+00, 1.3105983e-10, 3.6074852e-18],
        [1.0000000e+00, 6.2061989e-14, 2.5184746e-21],
        ...,
        [9.7812152e-01, 2.1878492e-02, 4.7060646e-13],
        [1.0000000e+00, 1.0055208e-13, 7.5779203e-21],
        [1.0000000e+00, 1.0055208e-13, 7.5779203e-21]],

       [[9.9994779e-01, 5.2216656e-05, 2.0385896e-12],
        [9.9994779e-01, 5.2216656e-05, 2.0385896e-12],
        [9.9999988e-01, 1.4076505e-07, 2.7373515e-14],
        ...,
        [9.9942088e-01, 5.7914597e-04, 2.5578359e-12],
        [9.9999940e-01, 6.3302360e-07, 8.9390863e-14],
        [9.9999940e-01, 6.3302360e-07, 8.9390863e-14]],

       [[1.0000000e+00, 2.3847551e-08, 2.8367781e-12],
        [1.0000000e+00, 2.3847551e-08, 2.8367781e-12],
        [1.0000000e+00, 1.5084088e-10, 2.8551619e-13],
        ...,
        [9.9999988e-01, 9.4485074e-08, 1.5834524e-12],
        [1.0000000e+00, 1.1839123e-09, 1.5073172e-12],
        [1.0000000e+00, 1.1839123e-09, 1.5073172e-12]]], dtype=float32)>, <tf.Tensor: shape=(256, 8, 3), dtype=float32, numpy=
array([[[9.2713354e-10, 1.0000000e+00, 0.0000000e+00],
        [9.2713354e-10, 1.0000000e+00, 0.0000000e+00],
        [9.2713354e-10, 1.0000000e+00, 0.0000000e+00],
        ...,
        [1.3075879e-06, 9.9999869e-01, 2.4536628e-37],
        [8.9179304e-09, 1.0000000e+00, 1.2737072e-38],
        [8.9179641e-09, 1.0000000e+00, 1.2737072e-38]],

       [[1.0000000e+00, 1.0259020e-18, 1.2851411e-25],
        [1.0000000e+00, 1.0259020e-18, 1.2851411e-25],
        [1.0000000e+00, 1.3630196e-25, 2.9878638e-30],
        ...,
        [1.0000000e+00, 4.3057794e-13, 7.4466780e-20],
        [1.0000000e+00, 3.6706491e-24, 2.4580417e-29],
        [1.0000000e+00, 3.6706491e-24, 2.4580417e-29]],

       [[1.7418814e-01, 8.2580948e-01, 2.4982201e-06],
        [1.7418814e-01, 8.2580948e-01, 2.4982201e-06],
        [9.9987996e-01, 1.2007842e-04, 2.5734870e-10],
        ...,
        [3.9747433e-06, 9.9999559e-01, 4.4031930e-07],
        [9.9887878e-01, 1.1212673e-03, 3.3755791e-09],
        [9.9887878e-01, 1.1212673e-03, 3.3755791e-09]],

       ...,

       [[1.0000000e+00, 3.2017777e-33, 5.7070150e-36],
        [1.0000000e+00, 3.2017777e-33, 5.7070150e-36],
        [1.0000000e+00, 0.0000000e+00, 0.0000000e+00],
        ...,
        [1.0000000e+00, 0.0000000e+00, 0.0000000e+00],
        [1.0000000e+00, 0.0000000e+00, 0.0000000e+00],
        [1.0000000e+00, 0.0000000e+00, 0.0000000e+00]],

       [[1.0000000e+00, 1.0111094e-21, 1.2426086e-22],
        [1.0000000e+00, 1.0111094e-21, 1.2426086e-22],
        [1.0000000e+00, 3.0963715e-28, 1.5407601e-26],
        ...,
        [1.0000000e+00, 5.2329083e-17, 2.3197936e-19],
        [1.0000000e+00, 5.1970141e-27, 1.1472567e-25],
        [1.0000000e+00, 5.1970141e-27, 1.1472567e-25]],

       [[1.0000000e+00, 2.3038264e-12, 2.7891844e-30],
        [1.0000000e+00, 3.2354580e-13, 5.0115786e-31],
        [1.0000000e+00, 9.1237976e-11, 1.6237953e-26],
        ...,
        [1.0000000e+00, 5.4418881e-15, 4.8353568e-29],
        [1.0000000e+00, 7.6644299e-12, 1.1474067e-23],
        [1.0000000e+00, 7.6644299e-12, 1.1474066e-23]]], dtype=float32)>, <tf.Tensor: shape=(256, 8, 3), dtype=float32, numpy=
array([[[1.0000000e+00, 2.4246118e-34, 9.4613538e-37],
        [1.0000000e+00, 2.4246118e-34, 9.4613538e-37],
        [1.0000000e+00, 0.0000000e+00, 0.0000000e+00],
        ...,
        [1.0000000e+00, 3.8585969e-30, 1.1621971e-34],
        [1.0000000e+00, 0.0000000e+00, 0.0000000e+00],
        [1.0000000e+00, 0.0000000e+00, 0.0000000e+00]],

       [[1.0000000e+00, 5.6103291e-30, 1.4154431e-30],
        [1.0000000e+00, 5.6103291e-30, 1.4154431e-30],
        [1.0000000e+00, 2.4417170e-35, 4.5148663e-34],
        ...,
        [1.0000000e+00, 2.6620904e-28, 7.5889073e-30],
        [1.0000000e+00, 3.8046842e-34, 3.0281693e-33],
        [1.0000000e+00, 3.8046842e-34, 3.0281693e-33]],

       [[7.0393966e-08, 9.9999988e-01, 1.6484837e-13],
        [7.0393966e-08, 9.9999988e-01, 1.6484837e-13],
        [4.7911928e-09, 1.0000000e+00, 9.4716302e-14],
        ...,
        [9.6078455e-01, 3.9215431e-02, 3.2485143e-11],
        [6.0810126e-09, 1.0000000e+00, 3.2889235e-13],
        [6.0810126e-09, 1.0000000e+00, 3.2889235e-13]],

       ...,

       [[1.0000000e+00, 2.1839686e-14, 2.1018960e-15],
        [1.0000000e+00, 2.1839686e-14, 2.1018960e-15],
        [1.0000000e+00, 1.4993560e-25, 4.6180974e-24],
        ...,
        [1.0000000e+00, 2.3016805e-18, 9.2302872e-19],
        [1.0000000e+00, 5.0995144e-25, 9.0919122e-24],
        [1.0000000e+00, 5.0995144e-25, 9.0919122e-24]],

       [[1.0000000e+00, 0.0000000e+00, 0.0000000e+00],
        [1.0000000e+00, 0.0000000e+00, 0.0000000e+00],
        [1.0000000e+00, 0.0000000e+00, 0.0000000e+00],
        ...,
        [1.0000000e+00, 0.0000000e+00, 0.0000000e+00],
        [1.0000000e+00, 0.0000000e+00, 0.0000000e+00],
        [1.0000000e+00, 0.0000000e+00, 0.0000000e+00]],

       [[1.0000000e+00, 9.6364262e-12, 0.0000000e+00],
        [1.0000000e+00, 9.6364262e-12, 0.0000000e+00],
        [1.0000000e+00, 9.6364262e-12, 0.0000000e+00],
        ...,
        [1.0000000e+00, 1.9895267e-15, 0.0000000e+00],
        [1.0000000e+00, 5.0839460e-14, 0.0000000e+00],
        [1.0000000e+00, 5.0839460e-14, 0.0000000e+00]]], dtype=float32)>, <tf.Tensor: shape=(75, 8, 3), dtype=float32, numpy=
array([[[1.00000000e+00, 1.03290988e-21, 4.79485274e-30],
        [1.00000000e+00, 1.03290988e-21, 4.79485274e-30],
        [1.00000000e+00, 2.19831348e-35, 0.00000000e+00],
        ...,
        [1.00000000e+00, 6.68147853e-27, 1.49250692e-34],
        [1.00000000e+00, 5.75026467e-35, 0.00000000e+00],
        [1.00000000e+00, 5.75026467e-35, 0.00000000e+00]],

       [[9.99999523e-01, 5.20083802e-07, 1.15897638e-14],
        [9.99999523e-01, 5.20082835e-07, 1.15897197e-14],
        [1.00000000e+00, 3.85625348e-17, 1.91642479e-26],
        ...,
        [1.00000000e+00, 5.97620980e-11, 6.35860820e-19],
        [1.00000000e+00, 1.54581842e-17, 1.38128201e-25],
        [1.00000000e+00, 1.54581842e-17, 1.38128201e-25]],

       [[1.00000000e+00, 7.27918343e-17, 1.20311941e-22],
        [1.00000000e+00, 7.27918343e-17, 1.20311941e-22],
        [1.00000000e+00, 5.41553544e-19, 5.86094181e-23],
        ...,
        [1.00000000e+00, 7.12605564e-20, 9.94250260e-28],
        [1.00000000e+00, 1.76574275e-18, 1.29252272e-22],
        [1.00000000e+00, 1.76574275e-18, 1.29252272e-22]],

       ...,

       [[8.57915250e-09, 1.00000000e+00, 3.83140429e-11],
        [8.57915250e-09, 1.00000000e+00, 3.83140429e-11],
        [4.10080747e-06, 9.99995947e-01, 1.14415965e-14],
        ...,
        [2.67666418e-19, 1.00000000e+00, 6.01910232e-13],
        [1.47473395e-06, 9.99998569e-01, 1.41073049e-14],
        [1.47473395e-06, 9.99998569e-01, 1.41073049e-14]],

       [[1.00000000e+00, 0.00000000e+00, 0.00000000e+00],
        [1.00000000e+00, 0.00000000e+00, 0.00000000e+00],
        [1.00000000e+00, 0.00000000e+00, 0.00000000e+00],
        ...,
        [1.00000000e+00, 0.00000000e+00, 0.00000000e+00],
        [1.00000000e+00, 0.00000000e+00, 0.00000000e+00],
        [1.00000000e+00, 0.00000000e+00, 0.00000000e+00]],

       [[1.00000000e+00, 7.71315063e-15, 2.15383190e-18],
        [1.00000000e+00, 7.71312098e-15, 2.15383190e-18],
        [1.00000000e+00, 3.61153507e-17, 2.12194268e-20],
        ...,
        [1.00000000e+00, 2.19476542e-12, 3.37506432e-17],
        [1.00000000e+00, 1.10759967e-16, 5.68494222e-20],
        [1.00000000e+00, 1.10759967e-16, 5.68494222e-20]]], dtype=float32)>]