Namespace(batch_size=256, datadir='../crystalhierarchydata/icsd-zintl-search', epochs=30, file_out='sysout2', filename='id_prop.csv', learning_rate=0.001, num_atoms=8, num_classes=4, num_nbrs=12, path='./correctedspk8/', patience=10, radius_angstroms=8, random_seed=0, task='c')
datset generated: time= 7.401346683502197
train size, va size, test size:
MyDataset(n_graphs=879) MyDataset(n_graphs=110) MyDataset(n_graphs=110)
model initialized, time= 1658243089.5407903
step num 1
batch num  0
tf.Tensor(
[[[3.7305453e-01 1.5824661e-02 4.4973760e+00]
  [1.5824661e-02 6.7126879e-04 1.9077492e-01]
  [4.4973760e+00 1.9077492e-01 5.4218327e+01]]

 [[1.5847905e-09 3.1847358e-04 2.6286137e-10]
  [3.1847358e-04 6.3999268e+01 5.2823641e-05]
  [2.6286137e-10 5.2823641e-05 4.3599516e-11]]

 [[1.2416087e-27 2.8189175e-13 7.3495435e-30]
  [2.8189175e-13 6.4000000e+01 1.6686221e-15]
  [7.3495435e-30 1.6686221e-15 4.3504682e-32]]

 ...

 [[5.4495409e-02 1.8126853e+00 3.5959910e-04]
  [1.8126853e+00 6.0295498e+01 1.1961374e-02]
  [3.5959910e-04 1.1961374e-02 2.3728883e-06]]

 [[1.4367376e-12 7.9072761e-06 1.6818418e-06]
  [7.9072761e-06 4.3518742e+01 9.2562399e+00]
  [1.6818418e-06 9.2562399e+00 1.9687603e+00]]

 [[2.5107116e-20 3.7586622e-12 1.2638594e-09]
  [3.7586622e-12 5.6269072e-04 1.8920612e-01]
  [1.2638594e-09 1.8920612e-01 6.3621025e+01]]], shape=(256, 3, 3), dtype=float32)
here is t, p, and train loss
tf.Tensor(466.7693, shape=(), dtype=float32)
step num 2
batch num  1
tf.Tensor(
[[[6.39987488e+01 6.30831055e-04 6.97337384e-07]
  [6.30831055e-04 6.21805629e-09 6.87360455e-12]
  [6.97337384e-07 6.87360455e-12 7.59826501e-15]]

 [[2.33038425e+01 1.53152056e+01 1.93553249e-04]
  [1.53152056e+01 1.00651007e+01 1.27202526e-04]
  [1.93553249e-04 1.27202526e-04 1.60758284e-09]]

 [[1.64570749e-01 3.08081174e+00 3.44118666e-06]
  [3.08081174e+00 5.76736794e+01 6.44200045e-05]
  [3.44118666e-06 6.44200045e-05 7.19554694e-11]]

 ...

 [[6.39958878e+01 1.09241495e-03 9.63289174e-04]
  [1.09241495e-03 1.86476097e-08 1.64434226e-08]
  [9.63289174e-04 1.64434226e-08 1.44997765e-08]]

 [[5.33778572e+01 5.06994057e+00 3.29579896e-04]
  [5.06994057e+00 4.81553614e-01 3.13041892e-05]
  [3.29579896e-04 3.13041892e-05 2.03498063e-09]]

 [[3.87303162e+01 1.09267311e+01 1.29899263e-01]
  [1.09267311e+01 3.08268714e+00 3.66476290e-02]
  [1.29899263e-01 3.66476290e-02 4.35674709e-04]]], shape=(256, 3, 3), dtype=float32)
here is t, p, and train loss
tf.Tensor(152.17639, shape=(), dtype=float32)
step num 3
batch num  2
tf.Tensor(
[[[5.6089588e+01 3.8248007e+00 3.9598413e-09]
  [3.8248007e+00 2.6081666e-01 2.7002522e-10]
  [3.9598413e-09 2.7002522e-10 2.7955887e-19]]

 [[1.5516253e-27 3.1512539e-13 2.4959458e-36]
  [3.1512539e-13 6.4000000e+01 5.0691101e-22]
  [2.4959458e-36 5.0691101e-22 0.0000000e+00]]

 [[8.8551825e-19 7.5281585e-09 3.6445626e-20]
  [7.5281585e-09 6.4000000e+01 3.0983940e-10]
  [3.6445626e-20 3.0983940e-10 1.5000071e-21]]

 ...

 [[1.2440511e+01 1.5776377e+01 4.2027750e-07]
  [1.5776377e+01 2.0006741e+01 5.3297299e-07]
  [4.2027750e-07 5.3297299e-07 1.4198225e-14]]

 [[2.4197336e+01 1.5153472e+01 1.8239737e-03]
  [1.5153472e+01 9.4897928e+00 1.1422551e-03]
  [1.8239737e-03 1.1422551e-03 1.3748951e-07]]

 [[5.8350189e+01 4.0587853e-05 2.7596061e+00]
  [4.0587853e-05 2.8232538e-11 1.9195566e-06]
  [2.7596061e+00 1.9195566e-06 1.3051245e-01]]], shape=(256, 3, 3), dtype=float32)
here is t, p, and train loss
tf.Tensor(122.22869, shape=(), dtype=float32)
step num 4
batch num  3
tf.Tensor(
[[[6.39264450e+01 4.15743852e-04 3.63469012e-02]
  [4.15743852e-04 2.70377853e-09 2.36381069e-07]
  [3.63469012e-02 2.36381069e-07 2.06658970e-05]]

 [[6.39987335e+01 1.14573539e-14 6.40271406e-04]
  [1.14573539e-14 2.05114943e-30 1.14624395e-19]
  [6.40271406e-04 1.14624395e-19 6.40555609e-09]]

 [[6.39793549e+01 1.54976209e-03 8.77204724e-03]
  [1.54976209e-03 3.75396461e-08 2.12483926e-07]
  [8.77204724e-03 2.12483926e-07 1.20271307e-06]]

 [[6.40000000e+01 2.06124469e-07 1.02978028e-07]
  [2.06124469e-07 6.63864031e-16 3.31660806e-16]
  [1.02978028e-07 3.31660806e-16 1.65694904e-16]]

 [[6.39867172e+01 3.16461344e-04 6.32014265e-03]
  [3.16461344e-04 1.56513380e-09 3.12577484e-08]
  [6.32014265e-03 3.12577484e-08 6.24257780e-07]]

 [[2.87346125e+00 1.05922308e+01 9.53380689e-02]
  [1.05922308e+01 3.90453720e+01 3.51437777e-01]
  [9.53380689e-02 3.51437777e-01 3.16320499e-03]]

 [[6.04650200e-14 1.96712449e-06 4.64356019e-11]
  [1.96712449e-06 6.39969788e+01 1.51070172e-03]
  [4.64356019e-11 1.51070172e-03 3.56613654e-08]]

 [[6.37986984e+01 1.00137882e-01 4.36630595e-04]
  [1.00137882e-01 1.57175542e-04 6.85331599e-07]
  [4.36630595e-04 6.85331599e-07 2.98824721e-09]]

 [[2.53213170e-06 1.27276052e-02 7.93786109e-26]
  [1.27276052e-02 6.39745369e+01 3.98991785e-22]
  [7.93786109e-26 3.98991785e-22 0.00000000e+00]]

 [[5.07981104e-33 5.70182346e-16 0.00000000e+00]
  [5.70182346e-16 6.40000000e+01 2.74515882e-34]
  [0.00000000e+00 2.74515882e-34 0.00000000e+00]]

 [[2.14163380e+01 1.79473936e-04 1.56057129e+01]
  [1.79473936e-04 1.50403368e-09 1.30779532e-04]
  [1.56057129e+01 1.30779532e-04 1.13716106e+01]]

 [[5.27879990e-07 5.81190037e-03 9.60922206e-13]
  [5.81190037e-03 6.39883804e+01 1.05796483e-08]
  [9.60922206e-13 1.05796483e-08 1.74920741e-18]]

 [[3.12526073e+01 1.34706163e+01 3.21830499e-17]
  [1.34706163e+01 5.80615616e+00 1.38716609e-17]
  [3.21830499e-17 1.38716609e-17 3.31411978e-35]]

 [[1.36222690e-01 2.81644607e+00 3.07499413e-08]
  [2.81644607e+00 5.82308884e+01 6.35764536e-07]
  [3.07499413e-08 6.35764536e-07 6.94127322e-15]]

 [[3.70359479e-32 1.53957810e-15 0.00000000e+00]
  [1.53957810e-15 6.40000000e+01 2.91120900e-22]
  [0.00000000e+00 2.91120900e-22 0.00000000e+00]]

 [[4.85925961e+00 1.27757225e+01 5.04416278e-08]
  [1.27757225e+01 3.35892868e+01 1.32618595e-07]
  [5.04416278e-08 1.32618595e-07 5.23610145e-16]]

 [[6.40000000e+01 2.59638656e-19 1.04082779e-20]
  [2.59638656e-19 0.00000000e+00 0.00000000e+00]
  [1.04082779e-20 0.00000000e+00 0.00000000e+00]]

 [[4.33428983e-16 1.66551658e-07 2.80694108e-21]
  [1.66551658e-07 6.40000000e+01 1.07860964e-12]
  [2.80694108e-21 1.07860964e-12 1.81781055e-26]]

 [[4.05798687e-28 1.61155567e-13 0.00000000e+00]
  [1.61155567e-13 6.40000000e+01 3.28562776e-24]
  [0.00000000e+00 3.28562776e-24 0.00000000e+00]]

 [[8.89688576e-27 7.54586443e-13 1.22765853e-38]
  [7.54586443e-13 6.40000000e+01 1.04123457e-24]
  [1.22765853e-38 1.04123457e-24 0.00000000e+00]]

 [[6.40000000e+01 1.15172139e-15 1.36998963e-16]
  [1.15172139e-15 2.07259711e-32 2.46538487e-33]
  [1.36998963e-16 2.46538487e-33 2.93261183e-34]]

 [[6.39927521e+01 3.62415379e-03 8.50464517e-07]
  [3.62415379e-03 2.05249648e-07 4.81650483e-11]
  [8.50464517e-07 4.81650483e-11 1.13026840e-14]]

 [[5.09695473e+01 6.14482021e+00 2.32517141e-18]
  [6.14482021e+00 7.40811288e-01 2.80319541e-19]
  [2.32517141e-18 2.80319541e-19 1.06071612e-37]]

 [[6.39044838e+01 2.99111232e-02 1.78302042e-02]
  [2.99111232e-02 1.40001948e-05 8.34560251e-06]
  [1.78302042e-02 8.34560251e-06 4.97486462e-06]]

 [[6.26762581e+01 7.38986942e-04 6.57676280e-01]
  [7.38986942e-04 8.71305517e-09 7.75435910e-06]
  [6.57676280e-01 7.75435910e-06 6.90114778e-03]]

 [[6.11372337e+01 1.06815143e-07 1.41500568e+00]
  [1.06815143e-07 1.86620721e-16 2.47220933e-09]
  [1.41500568e+00 2.47220933e-09 3.27499472e-02]]

 [[6.39507217e+01 2.94665992e-03 2.16848832e-02]
  [2.94665992e-03 1.35773362e-07 9.99175199e-07]
  [2.16848832e-02 9.99175199e-07 7.35306958e-06]]

 [[3.97281386e-02 1.55482519e+00 1.00780241e-07]
  [1.55482519e+00 6.08506126e+01 3.94419840e-06]
  [1.00780241e-07 3.94419840e-06 2.55654005e-13]]

 [[2.05277279e-01 1.84078850e-08 3.41932583e+00]
  [1.84078850e-08 1.65069516e-15 3.06622127e-07]
  [3.41932583e+00 3.06622127e-07 5.69560776e+01]]

 [[1.30633125e+01 1.03163463e-03 1.58502197e+01]
  [1.03163463e-03 8.14701480e-08 1.25172199e-03]
  [1.58502197e+01 1.25172199e-03 1.92316818e+01]]

 [[0.00000000e+00 3.00852988e-20 0.00000000e+00]
  [3.00852988e-20 6.40000000e+01 1.37713621e-27]
  [0.00000000e+00 1.37713621e-27 0.00000000e+00]]

 [[3.06776381e-16 1.40120264e-07 2.31600190e-18]
  [1.40120264e-07 6.40000000e+01 1.05783504e-09]
  [2.31600190e-18 1.05783504e-09 1.74846094e-20]]

 [[3.14515423e-35 4.48653401e-17 0.00000000e+00]
  [4.48653401e-17 6.40000000e+01 8.39909574e-26]
  [0.00000000e+00 8.39909574e-26 0.00000000e+00]]

 [[6.39981308e+01 8.17783643e-04 1.21365847e-04]
  [8.17783643e-04 1.04498374e-08 1.55084223e-09]
  [1.21365847e-04 1.55084223e-09 2.30157809e-10]]

 [[6.40000000e+01 6.46589986e-13 5.42466274e-20]
  [6.46589986e-13 6.53247858e-27 5.48051971e-34]
  [5.42466274e-20 5.48051971e-34 0.00000000e+00]]

 [[5.46647835e+00 9.00942273e-03 1.32289152e+01]
  [9.00942273e-03 1.48486270e-05 2.18028650e-02]
  [1.32289152e+01 2.18028650e-02 3.20140648e+01]]

 [[6.24503365e+01 7.66888976e-01 3.19575914e-03]
  [7.66888976e-01 9.41738300e-03 3.92438633e-05]
  [3.19575914e-03 3.92438633e-05 1.63535972e-07]]

 [[6.39407043e+01 3.13849120e-12 2.96444111e-02]
  [3.13849120e-12 1.54050976e-25 1.45507820e-15]
  [2.96444111e-02 1.45507820e-15 1.37438446e-05]]

 [[6.40000000e+01 2.34101523e-18 1.77693273e-33]
  [2.34101523e-18 8.56305017e-38 0.00000000e+00]
  [1.77693273e-33 0.00000000e+00 0.00000000e+00]]

 [[3.16886711e+01 3.80845356e+00 9.53702641e+00]
  [3.80845356e+00 4.57713097e-01 1.14619279e+00]
  [9.53702641e+00 1.14619279e+00 2.87026501e+00]]

 [[6.40000000e+01 4.32977439e-12 3.55961021e-07]
  [4.32977439e-12 2.92921039e-25 2.40817334e-20]
  [3.55961021e-07 2.40817334e-20 1.97981648e-15]]

 [[1.37351363e-11 2.96487451e-05 9.00563857e-13]
  [2.96487451e-05 6.39999542e+01 1.94396239e-06]
  [9.00563857e-13 1.94396239e-06 5.90467548e-14]]

 [[6.24139938e+01 1.38922114e-04 7.87893295e-01]
  [1.38922114e-04 3.09215153e-10 1.75370599e-06]
  [7.87893295e-01 1.75370599e-06 9.94609948e-03]]

 [[6.39972382e+01 1.37468101e-03 3.38831933e-06]
  [1.37468101e-03 2.95285858e-08 7.27821761e-11]
  [3.38831933e-06 7.27821761e-11 1.79393813e-13]]

 [[4.07727586e-37 5.10828406e-18 0.00000000e+00]
  [5.10828406e-18 6.40000000e+01 1.27302129e-23]
  [0.00000000e+00 1.27302129e-23 0.00000000e+00]]

 [[9.54770350e-16 2.47194862e-07 3.04211718e-18]
  [2.47194862e-07 6.40000000e+01 7.87619525e-10]
  [3.04211718e-18 7.87619525e-10 9.69288303e-21]]

 [[7.97534704e+00 1.46171770e+01 9.33235413e-07]
  [1.46171770e+01 2.67902908e+01 1.71042927e-06]
  [9.33235413e-07 1.71042927e-06 1.09202557e-13]]

 [[3.01760603e-02 1.35952461e+00 2.24773054e-08]
  [1.35952461e+00 6.12507706e+01 1.01267187e-06]
  [2.24773054e-08 1.01267187e-06 1.67427175e-14]]

 [[6.06580544e+01 1.64857006e+00 3.35882971e-12]
  [1.64857006e+00 4.48049828e-02 9.12865703e-14]
  [3.35882971e-12 9.12865703e-14 1.85989095e-25]]

 [[1.77135888e-12 1.06473908e-05 3.27279219e-13]
  [1.06473908e-05 6.39999771e+01 1.96722954e-06]
  [3.27279219e-13 1.96722954e-06 6.04686521e-14]]

 [[9.31335270e-01 1.73377430e-05 6.78910446e+00]
  [1.73377430e-05 3.22759514e-10 1.26386003e-04]
  [6.78910446e+00 1.26386003e-04 4.94901695e+01]]

 [[6.39458351e+01 1.08741096e-03 2.59907730e-02]
  [1.08741096e-03 1.84916278e-08 4.41977960e-07]
  [2.59907730e-02 4.41977960e-07 1.05639447e-05]]

 [[1.96881290e-19 3.54970453e-09 2.28710512e-20]
  [3.54970453e-09 6.40000000e+01 4.12357509e-10]
  [2.28710512e-20 4.12357509e-10 2.65685485e-21]]

 [[3.56079750e+01 1.21240368e+01 5.92420483e-03]
  [1.21240368e+01 4.12807178e+00 2.01711222e-03]
  [5.92420483e-03 2.01711222e-03 9.85627594e-07]]

 [[2.05120602e+01 4.11633955e-04 1.57197256e+01]
  [4.11633955e-04 8.26062863e-09 3.15461861e-04]
  [1.57197256e+01 3.15461861e-04 1.20470476e+01]]

 [[8.04957119e-04 2.26169169e-01 2.20162160e-17]
  [2.26169169e-01 6.35468559e+01 6.18590660e-15]
  [2.20162160e-17 6.18590660e-15 6.02160993e-31]]

 [[7.39626528e-04 2.16828957e-01 2.84563608e-08]
  [2.16828957e-01 6.35655899e+01 8.34226830e-06]
  [2.84563608e-08 8.34226830e-06 1.09482887e-12]]

 [[3.97760124e+01 1.06784592e+01 1.06696112e-04]
  [1.06784592e+01 2.86679006e+00 2.86441482e-05]
  [1.06696112e-04 2.86441482e-05 2.86204144e-10]]

 [[1.19336073e-13 2.76360402e-06 5.20493568e-26]
  [2.76360402e-06 6.39999924e+01 1.20536749e-18]
  [5.20493568e-26 1.20536749e-18 2.27017344e-38]]

 [[1.71804040e-05 3.31422202e-02 4.95541003e-24]
  [3.31422202e-02 6.39337044e+01 9.55933860e-21]
  [4.95541003e-24 9.55933860e-21 0.00000000e+00]]

 [[5.68703270e+01 3.90126742e-02 3.42060041e+00]
  [3.90126742e-02 2.67624400e-05 2.34650960e-03]
  [3.42060041e+00 2.34650960e-03 2.05740109e-01]]

 [[6.40000000e+01 1.84146586e-07 1.71945874e-06]
  [1.84146586e-07 5.29843196e-16 4.94738223e-15]
  [1.71945874e-06 4.94738223e-15 4.61959132e-14]]

 [[2.04018434e-07 3.61326756e-03 1.81790527e-10]
  [3.61326756e-03 6.39927597e+01 3.21960033e-06]
  [1.81790527e-10 3.21960033e-06 1.61984358e-13]]

 [[4.97009524e-14 1.78349683e-06 1.08469176e-15]
  [1.78349683e-06 6.40000000e+01 3.89236874e-08]
  [1.08469176e-15 3.89236874e-08 2.36727097e-17]]

 [[1.73699320e-07 3.33399093e-03 1.52176156e-08]
  [3.33399093e-03 6.39927444e+01 2.92087469e-04]
  [1.52176156e-08 2.92087469e-04 1.33319944e-09]]

 [[6.35130386e+01 2.37623543e-01 5.39451418e-03]
  [2.37623543e-01 8.89029296e-04 2.01826842e-05]
  [5.39451418e-03 2.01826842e-05 4.58186008e-07]]

 [[6.40000000e+01 4.24442739e-08 6.49308731e-07]
  [4.24442739e-08 2.81486949e-17 4.30616224e-16]
  [6.49308731e-07 4.30616224e-16 6.58752854e-15]]

 [[3.39054070e+01 1.26751986e+01 2.07511359e-03]
  [1.26751986e+01 4.73849678e+00 7.75760564e-04]
  [2.07511359e-03 7.75760564e-04 1.27003247e-07]]

 [[1.83554932e-01 3.24391007e+00 1.05404600e-15]
  [3.24391007e+00 5.73286285e+01 1.86278300e-14]
  [1.05404600e-15 1.86278300e-14 6.05275395e-30]]

 [[4.93972921e+00 1.28406715e+01 3.19405743e-13]
  [1.28406715e+01 3.33789253e+01 8.30285222e-13]
  [3.19405743e-13 8.30285222e-13 2.06529594e-26]]

 [[6.12854004e+01 1.33392191e+00 8.67573079e-03]
  [1.33392191e+00 2.90337913e-02 1.88833670e-04]
  [8.67573079e-03 1.88833670e-04 1.22816050e-06]]

 [[5.74661636e+01 8.85987902e-06 3.17898250e+00]
  [8.85987902e-06 1.36597688e-12 4.90121408e-07]
  [3.17898250e+00 4.90121408e-07 1.75858766e-01]]

 [[3.27817829e-19 4.58043026e-09 5.65361780e-24]
  [4.58043026e-09 6.40000000e+01 7.89950990e-14]
  [5.65361780e-24 7.89950990e-14 9.75035257e-29]]

 [[6.17722130e+01 2.05690358e-02 1.08345950e+00]
  [2.05690358e-02 6.84911856e-06 3.60772538e-04]
  [1.08345950e+00 3.60772538e-04 1.90034397e-02]]

 [[5.41035032e+00 1.31977777e+01 2.01976363e-07]
  [1.31977777e+01 3.21940956e+01 4.92692493e-07]
  [2.01976363e-07 4.92692493e-07 7.54007554e-15]]

 [[2.32984785e-05 3.85914966e-02 3.91695149e-11]
  [3.85914966e-02 6.39227829e+01 6.48802114e-08]
  [3.91695149e-11 6.48802114e-08 6.58519743e-17]]

 [[1.99918225e-02 1.11114764e+00 1.35484174e-14]
  [1.11114764e+00 6.17577095e+01 7.53022482e-13]
  [1.35484174e-14 7.53022482e-13 9.18173465e-27]]

 [[6.39909973e+01 6.36434123e-08 4.49698931e-03]
  [6.36434123e-08 6.32977134e-17 4.47256251e-12]
  [4.49698931e-03 4.47256251e-12 3.16027439e-07]]

 [[1.44931173e+01 1.59627380e+01 5.51993435e-06]
  [1.59627380e+01 1.75813789e+01 6.07966240e-06]
  [5.51993435e-06 6.07966240e-06 2.10235475e-12]]

 [[1.10001375e-09 2.65330513e-04 1.62156657e-22]
  [2.65330513e-04 6.39994583e+01 3.91132452e-17]
  [1.62156657e-22 3.91132452e-17 2.39040450e-35]]

 [[6.33767700e+01 2.18043540e-04 3.10631633e-01]
  [2.18043540e-04 7.50164209e-10 1.06870743e-06]
  [3.10631633e-01 1.06870743e-06 1.52251404e-03]]

 [[5.91647491e+01 2.37012625e+00 2.50813009e-05]
  [2.37012625e+00 9.49467048e-02 1.00475108e-06]
  [2.50813009e-05 1.00475108e-06 1.06325409e-11]]

 [[4.37194256e-16 1.67273527e-07 1.02418711e-16]
  [1.67273527e-07 6.40000000e+01 3.91861015e-08]
  [1.02418711e-16 3.91861015e-08 2.39929775e-17]]

 [[1.13826647e-01 2.19447406e-06 2.58522773e+00]
  [2.19447406e-06 4.23074561e-11 4.98408335e-05]
  [2.58522773e+00 4.98408335e-05 5.87156219e+01]]

 [[8.04138860e-14 2.26858720e-06 2.35558602e-21]
  [2.26858720e-06 6.39999924e+01 6.64543426e-14]
  [2.35558602e-21 6.64543426e-14 6.90028199e-29]]

 [[6.11686783e+01 7.94311112e-04 1.39885199e+00]
  [7.94311112e-04 1.03145963e-08 1.81649120e-05]
  [1.39885199e+00 1.81649120e-05 3.19900140e-02]]

 [[6.39999924e+01 2.99135331e-06 1.29868671e-10]
  [2.99135331e-06 1.39815568e-13 6.07004944e-18]
  [1.29868671e-10 6.07004944e-18 2.63529297e-22]]

 [[6.83701040e-10 2.09180755e-04 1.06345716e-12]
  [2.09180755e-04 6.39995880e+01 3.25368461e-07]
  [1.06345716e-12 3.25368461e-07 1.65414566e-15]]

 [[6.39925613e+01 1.15590289e-07 3.71871423e-03]
  [1.15590289e-07 2.08791676e-16 6.71714377e-12]
  [3.71871423e-03 6.71714377e-12 2.16100659e-07]]

 [[1.66215916e+01 1.85164716e-03 1.59922266e+01]
  [1.85164716e-03 2.06273711e-07 1.78153580e-03]
  [1.59922266e+01 1.78153580e-03 1.53866920e+01]]

 [[2.72862392e-11 4.17889460e-05 1.15389079e-11]
  [4.17889460e-05 6.39998779e+01 1.76718677e-05]
  [1.15389079e-11 1.76718677e-05 4.87961711e-12]]

 [[6.40000000e+01 1.99857614e-15 5.13839731e-33]
  [1.99857614e-15 6.24110388e-32 0.00000000e+00]
  [5.13839731e-33 0.00000000e+00 0.00000000e+00]]

 [[1.13205063e+00 7.37977934e+00 2.16351737e-08]
  [7.37977934e+00 4.81083984e+01 1.41038583e-07]
  [2.16351737e-08 1.41038583e-07 4.13480404e-16]]

 [[1.14639416e+01 2.30062142e-01 1.53927498e+01]
  [2.30062142e-01 4.61696275e-03 3.08906794e-01]
  [1.53927498e+01 3.08906794e-01 2.06680012e+01]]

 [[1.00941118e-02 7.93661535e-01 2.99576541e-09]
  [7.93661535e-01 6.24025803e+01 2.35545613e-07]
  [2.99576541e-09 2.35545613e-07 8.89093639e-16]]

 [[2.93694041e-03 4.30595130e-01 1.62820634e-05]
  [4.30595130e-01 6.31310654e+01 2.38717045e-03]
  [1.62820634e-05 2.38717045e-03 9.02659139e-08]]

 [[2.61773109e-01 3.28506136e+00 5.46266913e-01]
  [3.28506136e+00 4.12251205e+01 6.85525036e+00]
  [5.46266913e-01 6.85525036e+00 1.13994718e+00]]

 [[6.40000000e+01 6.55761079e-12 8.74138425e-15]
  [6.55761079e-12 6.71910304e-25 8.95665565e-28]
  [8.74138425e-15 8.95665565e-28 1.19393438e-30]]

 [[5.04555435e+01 2.24499286e-06 6.37010908e+00]
  [2.24499286e-06 9.98897823e-14 2.83434645e-07]
  [6.37010908e+00 2.83434645e-07 8.04238439e-01]]

 [[6.40000000e+01 3.10587141e-13 1.68509751e-13]
  [3.10587141e-13 1.50725579e-27 8.17765069e-28]
  [1.68509751e-13 8.17765069e-28 4.43680237e-28]]

 [[4.89704475e-15 5.59831108e-07 3.50715613e-17]
  [5.59831108e-07 6.40000000e+01 4.00938749e-09]
  [3.50715613e-17 4.00938749e-09 2.51174815e-19]]

 [[6.13735085e+01 1.15593608e-07 1.29948926e+00]
  [1.15593608e-07 2.17714162e-16 2.44751619e-09]
  [1.29948926e+00 2.44751619e-09 2.75146794e-02]]

 [[6.40000000e+01 5.15767660e-08 1.72129048e-13]
  [5.15767660e-08 4.15650449e-17 1.38716558e-22]
  [1.72129048e-13 1.38716558e-22 4.62943918e-28]]

 [[6.40000000e+01 1.26381736e-16 2.03239600e-16]
  [1.26381736e-16 2.49567874e-34 4.01340220e-34]
  [2.03239600e-16 4.01340220e-34 6.45411464e-34]]

 [[6.40000000e+01 3.09018609e-11 1.29414218e-06]
  [3.09018609e-11 1.49207029e-23 6.24865676e-19]
  [1.29414218e-06 6.24865676e-19 2.61688119e-14]]

 [[5.47365723e+01 4.45045853e+00 2.99999956e-04]
  [4.45045853e+00 3.61852765e-01 2.43920531e-05]
  [2.99999956e-04 2.43920531e-05 1.64423841e-09]]

 [[2.54767952e+01 4.41380485e-04 1.49023991e+01]
  [4.41380485e-04 7.64682984e-09 2.58181128e-04]
  [1.49023991e+01 2.58181128e-04 8.71701050e+00]]

 [[2.95128536e+01 3.61627316e+00 1.03314638e+01]
  [3.61627316e+00 4.43109691e-01 1.26593649e+00]
  [1.03314638e+01 1.26593649e+00 3.61670065e+00]]

 [[2.75114585e-19 4.19610924e-09 5.38786318e-24]
  [4.19610924e-09 6.40000000e+01 8.21769004e-14]
  [5.38786318e-24 8.21769004e-14 1.05516297e-28]]

 [[6.39292793e+01 7.32724136e-03 2.80211084e-02]
  [7.32724136e-03 8.39810298e-07 3.21163384e-06]
  [2.80211084e-02 3.21163384e-06 1.22820493e-05]]

 [[3.72082067e+00 8.86297312e-06 1.17107124e+01]
  [8.86297312e-06 2.11115517e-11 2.78948501e-05]
  [1.17107124e+01 2.78948501e-05 3.68576736e+01]]], shape=(111, 3, 3), dtype=float32)
here is t, p, and train loss
tf.Tensor(94.37236, shape=(), dtype=float32)
Loss: 26.798341751098633
train accuracy= tf.Tensor(0.6666667, shape=(), dtype=float32)
val loss and acc
104.95349884033203 0.6090909242630005
step num 1
batch num  4
tf.Tensor(
[[[6.3937119e+01 2.9310871e-02 2.1266472e-03]
  [2.9310871e-02 1.3437064e-05 9.7492466e-07]
  [2.1266472e-03 9.7492466e-07 7.0735560e-08]]

 [[6.4000000e+01 1.5802029e-22 4.0819580e-24]
  [1.5802029e-22 0.0000000e+00 0.0000000e+00]
  [4.0819580e-24 0.0000000e+00 0.0000000e+00]]

 [[4.8570626e-13 5.5754099e-06 1.9006978e-17]
  [5.5754099e-06 6.3999992e+01 2.1818061e-10]
  [1.9006978e-17 2.1818061e-10 7.4379355e-22]]

 ...

 [[6.4000000e+01 8.5834074e-12 5.1719518e-09]
  [8.5834074e-12 1.1511700e-24 6.9364012e-22]
  [5.1719518e-09 6.9364012e-22 4.1795446e-19]]

 [[8.2831946e-09 7.2808820e-04 5.7103266e-16]
  [7.2808820e-04 6.3998543e+01 5.0193450e-11]
  [5.7103266e-16 5.0193450e-11 3.9366248e-23]]

 [[6.4000000e+01 3.8676337e-16 4.6426919e-35]
  [3.8676337e-16 2.3372797e-33 0.0000000e+00]
  [4.6426919e-35 0.0000000e+00 0.0000000e+00]]], shape=(256, 3, 3), dtype=float32)
here is t, p, and train loss
tf.Tensor(98.89553, shape=(), dtype=float32)
step num 2
batch num  5
