num,species,a,b,c,P1,P2,ground_truth_P1,SVM_pred_P1
0,Cs,0.1437226701319929,0.3997561968120991,0.6644833122690486,3.91933172068093e-05,0.9999607801437378,0,1 
1,Cs,0.8562764529023283,0.8997566142868649,0.83551624293478,3.9195860153995454e-05,0.9999607801437378,0,1 
2,Cs,0.8562773074013421,0.6002437150366404,0.3355164574197715,3.9193095290102065e-05,0.9999607801437378,0,1 
3,Cs,0.1437233860639111,0.100243627970201,0.1644835466152728,3.919421578757465e-05,0.9999607801437378,0,1 
4,Cs,0.3777871071131287,0.1753038139634668,0.5302836552067305,2.4080807634163648e-05,0.9999759197235107,0,1 
5,Cs,0.6222122243416379,0.6753023669844538,0.9697169497524882,2.4081358787952922e-05,0.9999759197235107,0,1 
6,Cs,0.6222130359675617,0.8246955648090548,0.4697164941920278,2.4080256480374373e-05,0.9999759197235107,0,1 
7,Cs,0.3777878071531902,0.3246982578531927,0.0302833034718972,2.408062391623389e-05,0.9999759197235107,0,1 
8,Cs,0.6485359143413945,0.4053397284475224,0.6717255588793165,1.1723709576472174e-05,0.999988317489624,0,1 
9,Cs,0.3514633080576246,0.9053416873932605,0.8282748036184557,1.1724045180017129e-05,0.999988317489624,0,1 
10,Cs,0.3514639508156776,0.5946608389497783,0.3282738597339616,1.1723530406015925e-05,0.999988317489624,0,1 
11,Cs,0.6485366510376807,0.0946577855008499,0.1717249526200817,1.1723284842446446e-05,0.999988317489624,0,1 
12,Cs,0.8702569523461179,0.1656867978832608,0.5334750338027661,2.627437424962409e-05,0.9999737739562988,0,1 
13,Cs,0.1297438995212516,0.6656866369421763,0.9665256815228318,2.6276629796484485e-05,0.9999737739562988,0,1 
14,Cs,0.1297435422366178,0.8343129842509001,0.4665253781782823,2.6274274205206893e-05,0.9999737739562988,0,1 
15,Cs,0.870256471462497,0.3343136212079969,0.0334746826512031,2.6277080905856565e-05,0.9999737739562988,0,1 
16,Sb,0.078450132551481,0.902216498829155,0.7137316119423502,4.118689685128629e-05,0.9999587535858154,1,1 
17,Sb,0.9215492846749811,0.4022182958148406,0.7862680967308506,4.118862489121966e-05,0.9999587535858154,1,1 
18,Sb,0.9215504536659012,0.0977839536701239,0.2862685850390534,4.118760261917487e-05,0.9999587535858154,1,1 
19,Sb,0.0784511884321617,0.5977812460739216,0.2137320763409818,4.1187369788531214e-05,0.9999587535858154,1,1 
20,Sb,0.0793176046758433,0.1634580654084772,0.8622299111942908,4.464176527108066e-05,0.999955415725708,1,1 
21,Sb,0.9206818239740642,0.6634588374762984,0.6377702596185415,4.463929872144945e-05,0.999955415725708,1,1 
22,Sb,0.920681821685406,0.8365420780844488,0.1377699740395926,4.464151061256416e-05,0.999955415725708,1,1 
23,Sb,0.079317627486283,0.3365411710049244,0.362229601661241,4.463793447939679e-05,0.999955415725708,1,1 
24,Sb,0.4174321116211956,0.4144777033028504,0.7793256909971547,4.749350409838371e-05,0.9999525547027588,1,1 
25,Sb,0.5825694065998945,0.9144806529847003,0.7206757551166518,4.749196523334831e-05,0.9999525547027588,1,1 
26,Sb,0.5825633291702914,0.5855282165397071,0.2206714918093269,4.7492598241660744e-05,0.9999525547027588,1,1 
27,Sb,0.417426680972639,0.0855142033054648,0.2793216840808981,4.748779610963538e-05,0.9999525547027588,1,1 
28,Sb,0.5747348367023051,0.1771259826898586,0.865033580723356,4.6334913349710405e-05,0.9999536275863647,1,1 
29,Sb,0.4252627227131072,0.6771253223972238,0.6349650517201368,4.633040589396842e-05,0.9999536275863647,1,1 
30,Sb,0.4252694642311425,0.8228686484945982,0.1349693684262476,4.633208300219849e-05,0.9999536275863647,1,1 
31,Sb,0.5747408299493486,0.3228788856317024,0.365037347690425,4.632916898117401e-05,0.9999536275863647,1,1 
pool accuracy=0.5C=1e-05

 absolute error = 26.361862182617188